0.000224
0.000992
0.000342
0.000117
0.001727
0.000701
0.000546
0.000875
0.001077
0.00155
0.000167
0.000997
0.000483
0.000839
0.000806
0.000847
0.00054
0.000489
0.001599
0.001265
0.000537
0.002758
0.00158
0.001621
0.002177
0.003473
0.0003
0.001748
0.000129
0.000633
0.001328
0.000593
0.000953
0.003427
0.001527
0.002478
0.001094
0.00011
0.000598
0.003183
0.000468
0.002265
0.002153
0.002273
0.001075
0.000792
0.001775
0.000197
0.002595
0.000885
9.7e-05
0.001407
0.001325
0.000745
0.002167
6.9e-05
0.00115
0.002284
0.001503
0.000214
0.000598
0.004485
0.001024
0.002969
0.001717
0.000835
0.001216
0.000214
0.001371
0.000936
0.002302
0.000114
0.001863
0.002244
0.00032
0.001756
0.001609
0.000571
0.000488
0.001844
0.002003
0.000625
0.001036
0.000651
0.002299
0.001314
0.000322
0.001239
0.000915
0.002257
0.001732
0.000634
0.000107
8e-05
0.000372
0.001329
0.001736
0.001207
0.000262
0.004386
