0.950981
0.989827
0.673996
0.931558
0.988654
0.990349
0.987491
0.977307
0.989231
0.975305
0.982971
0.991471
0.0064
0.934764
0.626022
0.996025
0.982798
0.98946
0.989764
0.991523
0.984409
0.98995
0.972922
0.989899
0.991549
0.977605
0.985121
0.997
0.599163
0.97774
0.984719
0.955115
0.990835
0.930213
0.988763
0.822044
0.994237
0.978718
0.988088
0.988188
0.993975
0.95085
0.992879
0.991906
0.989581
0.993043
0.967359
0.988546
0.994611
0.992162
0.994188
0.991016
0.99343
0.991858
0.992141
0.973721
0.980389
0.98952
0.989569
0.990323
0.924681
0.976121
0.985003
0.879833
0.9718
0.983795
0.996437
0.981216
0.812251
0.985743
0.989193
0.97115
0.990479
0.981492
0.991409
0.990219
0.990099
0.992381
0.993832
0.996872
0.982104
0.996152
0.992307
0.990907
0.967267
0.972107
0.995383
0.993517
0.985625
0.986562
0.995924
0.995744
0.991909
0.991439
0.990178
0.985177
0.981983
0.990333
0.98884
0.947198
