0.838678
0.898004
0.91437
0.769185
0.898034
0.87581
0.846807
0.889796
0.882121
0.8937
0.819457
0.92926
0.883243
0.878121
0.875268
0.82403
0.839495
0.899892
0.917023
0.903353
0.833408
0.902056
0.909615
0.892026
0.874372
0.908212
0.90612
0.881545
0.765752
0.86742
0.899252
0.916996
0.863873
0.888604
0.895204
0.91504
0.85195
0.627121
0.916381
0.858821
0.921555
0.886581
0.874181
0.93278
0.866756
0.888911
0.870034
0.802061
0.892721
0.900846
0.696093
0.905584
0.875343
0.940131
0.874477
0.762498
0.864817
0.893155
0.928657
0.810726
0.913338
0.880386
0.913917
0.900389
0.891267
0.88291
0.88286
0.798055
0.883943
0.932833
0.91461
0.852456
0.914319
0.842332
0.800613
0.91954
0.921181
0.768538
0.833442
0.903582
0.933034
0.857308
0.896084
0.909377
0.869272
0.859927
0.892482
0.92595
0.858164
0.909532
0.891578
0.828098
0.895407
0.712018
0.831157
0.857471
0.907809
0.836129
0.886697
0.902679
