0.845179
0.955191
0.962639
0.770558
0.942952
0.934455
0.874116
0.940468
0.921751
0.942849
0.820375
0.941254
0.929614
0.929827
0.937782
0.862611
0.845038
0.961981
0.970267
0.958122
0.876024
0.961171
0.967623
0.934811
0.922494
0.967653
0.959835
0.930379
0.765524
0.908109
0.967968
0.948504
0.916392
0.939047
0.911057
0.982785
0.898989
0.62782
0.94415
0.895519
0.944782
0.919915
0.917301
0.980745
0.918767
0.944421
0.92983
0.805217
0.95676
0.949768
0.687071
0.965102
0.936706
0.970331
0.932583
0.756882
0.907683
0.943877
0.964184
0.81423
0.94822
0.926451
0.974351
0.958711
0.940104
0.923953
0.939059
0.802917
0.927307
0.936373
0.945097
0.859493
0.960597
0.87275
0.805476
0.977747
0.986289
0.799505
0.89396
0.954286
0.968646
0.920744
0.946677
0.963652
0.910978
0.907576
0.92413
0.948858
0.909342
0.980617
0.953074
0.857456
0.900592
0.713549
0.837284
0.887449
0.970055
0.87572
0.919814
0.950338
