0.846331
0.93661
0.962097
0.770006
0.92971
0.921936
0.873433
0.928846
0.917877
0.921249
0.82328
0.937519
0.915436
0.908987
0.915935
0.853488
0.843255
0.946253
0.950005
0.957103
0.859443
0.945932
0.948115
0.918949
0.911362
0.945173
0.956802
0.915828
0.765612
0.905783
0.94229
0.946598
0.897712
0.936049
0.908981
0.96302
0.883448
0.627121
0.943111
0.886322
0.943132
0.912311
0.907338
0.959908
0.908215
0.939949
0.909168
0.802148
0.93877
0.931564
0.704488
0.951848
0.920006
0.954554
0.919585
0.763146
0.905559
0.931198
0.962668
0.811914
0.930148
0.918899
0.952858
0.94088
0.930257
0.908926
0.928441
0.808533
0.913228
0.932843
0.943188
0.852875
0.950792
0.862273
0.805527
0.968376
0.966905
0.798996
0.874404
0.94498
0.967139
0.887692
0.933576
0.944721
0.903841
0.886647
0.919433
0.946459
0.894442
0.954457
0.937369
0.844767
0.897561
0.712018
0.837627
0.884972
0.945856
0.865686
0.917522
0.935686
