0.621368
0.581379
0.627142
0.642645
0.580834
0.589662
0.579686
0.580829
0.583662
0.574209
0.656107
0.625809
0.592807
0.589336
0.576757
0.560078
0.577793
0.607075
0.582198
0.585937
0.56677
0.57571
0.576764
0.584932
0.589764
0.58427
0.624257
0.569601
0.589735
0.581784
0.577149
0.64484
0.601162
0.58684
0.582087
0.588065
0.577492
0.627038
0.638209
0.567636
0.620271
0.569443
0.564718
0.584594
0.580219
0.58589
0.575884
0.667428
0.577264
0.608885
0.688576
0.599497
0.585445
0.614366
0.557568
0.736413
0.582013
0.572173
0.592169
0.607789
0.614325
0.578376
0.636077
0.58367
0.575406
0.587103
0.580767
0.72362
0.601258
0.663892
0.599865
0.862141
0.598981
0.56214
0.598206
0.592826
0.601348
0.561129
0.615076
0.586161
0.593131
0.600769
0.588664
0.636853
0.559779
0.566865
0.657876
0.606797
0.582356
0.571913
0.578202
0.604782
0.71962
0.711296
0.58351
0.575002
0.586963
0.559629
0.628035
0.578372
