0.840845
0.916782
0.937356
0.769948
0.910404
0.898363
0.858731
0.906637
0.899948
0.907428
0.816257
0.927934
0.897574
0.897884
0.904252
0.842449
0.839697
0.928934
0.923327
0.917851
0.847398
0.922802
0.922284
0.891959
0.901093
0.929371
0.930461
0.901224
0.764063
0.892903
0.915855
0.94484
0.897449
0.911862
0.895011
0.933932
0.867172
0.628962
0.915723
0.877371
0.921484
0.899282
0.887069
0.939416
0.886108
0.917927
0.889519
0.806619
0.915126
0.915974
0.690865
0.927777
0.904006
0.939764
0.893998
0.742939
0.884466
0.905182
0.945114
0.81108
0.92864
0.899182
0.931377
0.916743
0.906107
0.895582
0.900135
0.80252
0.897561
0.932431
0.933282
0.852821
0.931629
0.851969
0.80113
0.934638
0.938645
0.784154
0.851611
0.919325
0.941148
0.886781
0.919019
0.92668
0.882696
0.877587
0.920849
0.935792
0.883221
0.928064
0.906761
0.841808
0.895388
0.712804
0.833469
0.874683
0.922517
0.85445
0.917506
0.915209
