0.073969
0.238976
0.172454
0.036035
0.351533
0.187309
0.162065
0.21844
0.252963
0.325391
0.051928
0.255209
0.15125
0.217905
0.213303
0.218673
0.162296
0.152229
0.354024
0.293367
0.158042
0.309088
0.353913
0.170596
0.224202
0.315657
0.16092
0.321085
0.035524
0.16374
0.267419
0.082329
0.121991
0.349311
0.237851
0.243031
0.138704
0.009431
0.088363
0.305494
0.115619
0.343867
0.319627
0.351502
0.213092
0.208855
0.221975
0.025627
0.291198
0.142354
0.014004
0.200756
0.149285
0.170767
0.415695
0.024412
0.266267
0.35074
0.273475
0.053772
0.140903
0.339596
0.117681
0.279417
0.29063
0.241267
0.231985
0.02204
0.160291
0.115305
0.249825
0.011217
0.318604
0.283319
0.067112
0.284304
0.249645
0.12208
0.104189
0.278096
0.280131
0.136461
0.183949
0.137695
0.323771
0.233951
0.080894
0.227623
0.177253
0.360508
0.297679
0.146298
0.054122
0.031962
0.135853
0.242684
0.300637
0.225067
0.070491
0.335603
