0.000391
0.001352
0.000444
0.000146
0.002269
0.000911
0.000709
0.001129
0.001334
0.001846
0.000199
0.001261
0.000592
0.002438
0.002292
0.002385
0.001374
0.001227
0.003778
0.001825
0.00076
0.001923
0.002334
0.000768
0.001158
0.001848
0.000328
0.002027
0.000126
0.000639
0.001325
0.000279
0.000448
0.001419
0.000649
0.001684
0.000631
7.2e-05
0.000347
0.002019
0.000529
0.002248
0.002083
0.002287
0.000989
0.000961
0.001017
0.000106
0.00179
0.000578
8e-05
0.000947
0.000578
0.000665
0.001926
6.7e-05
0.002449
0.002278
0.00134
0.000197
0.000528
0.001917
0.000449
0.001405
0.001913
0.001153
0.001904
0.000121
0.000974
0.000496
0.001805
8.9e-05
0.001821
0.001387
0.000312
0.0019
0.001629
0.000583
0.000445
0.001087
0.001535
0.000554
0.000635
0.000567
0.002134
0.001336
0.000295
0.000867
0.00065
0.001655
0.001269
0.000476
7e-05
5.6e-05
0.000273
0.000978
0.001622
0.001195
0.00025
0.001948
