0.106448
0.584807
0.234055
0.093081
1.1274
0.40521
0.323372
0.510672
0.64113
0.961504
0.069346
0.62913
0.276335
0.518387
0.49088
0.602892
0.399773
0.289762
1.07447
0.811636
0.31608
0.868339
1.1011
0.348135
0.530594
0.884938
0.141836
0.951752
0.04283
0.39378
0.713526
0.193931
0.285776
0.747781
0.324219
0.597756
0.255592
0.009632
0.131481
0.898873
0.191438
1.03761
0.953323
1.083
0.486999
0.474415
0.525216
0.029148
0.853624
0.333487
0.011982
0.442148
0.283159
0.336247
1.06321
0.009755
0.512565
1.1016
0.701676
0.071569
0.254376
1.0434
0.198273
0.747678
0.803167
0.403183
0.633055
0.024761
0.307737
0.187498
0.612903
0.011358
0.634051
0.480894
0.095526
0.746155
0.61868
0.220649
0.170303
0.751087
0.720041
0.244434
0.382149
0.246964
0.971573
0.573402
0.119226
0.533434
0.37223
1.10458
0.831133
0.282062
0.025028
0.011862
0.185563
0.672134
0.833463
0.550175
0.099587
1.00298
