0.000187
0.000746
0.000262
0.000122
0.001314
0.000569
0.000445
0.000684
0.000784
0.003545
0.000387
0.002251
0.001038
0.001868
0.000664
0.001683
0.001079
0.000977
0.002816
0.002177
0.000858
0.001344
0.00167
0.000579
0.001224
0.00187
0.000371
0.001975
0.00015
0.000729
0.0014
0.00031
0.000506
0.001415
0.000693
0.001168
0.000559
7.8e-05
0.000345
0.001617
0.000429
0.001963
0.001747
0.001832
0.000881
0.000862
0.000961
0.000114
0.001307
0.000638
0.000157
0.001853
0.001058
0.000641
0.003388
0.000108
0.001641
0.001967
0.001368
0.000307
0.000835
0.002777
0.00061
0.001888
0.001988
0.000842
0.00137
0.000122
0.000829
0.000521
0.001394
9e-05
0.001319
0.001054
0.000285
0.001514
0.00245
0.000673
0.000546
0.001897
0.001701
0.000668
0.001024
0.000644
0.002062
0.002222
0.000535
0.001254
0.000916
0.002275
0.002552
0.000869
0.000159
0.000114
0.000517
0.001546
0.002058
0.00147
0.000304
0.003771
