0.097649
0.536922
0.15014
0.04082
1.01019
0.363375
0.289946
0.537433
0.657183
0.89242
0.063566
0.605083
0.328271
0.538653
0.447141
0.467156
0.292469
0.27227
1.00167
0.741678
0.286062
0.794936
1.0259
0.319494
0.483927
0.83163
0.132285
0.862693
0.04095
0.298014
0.639459
0.112519
0.194799
0.679548
0.303896
0.624123
0.283618
0.009461
0.196307
0.865289
0.18235
0.991145
0.85911
1.01651
0.443067
0.431874
0.47868
0.027855
0.731734
0.242345
0.011757
0.404849
0.261089
0.317454
0.965012
0.009652
0.46176
1.01044
0.665886
0.067037
0.235235
0.957719
0.184395
0.688587
0.735115
0.308426
0.513691
0.023456
0.361596
0.198826
0.579355
0.011048
0.593902
0.510215
0.155412
0.701454
0.572662
0.200322
0.155487
0.680221
0.676791
0.223531
0.358747
0.23057
0.877949
0.508522
0.182459
0.575617
0.334782
1.02128
0.759398
0.251925
0.023713
0.011584
0.122335
0.534888
0.76945
0.486241
0.092792
0.988429
