1.73428
9.51941
2.53373
0.937215
19.1264
6.27203
5.08572
8.28924
10.3154
16.5157
1.24987
10.6322
4.36443
8.17446
8.02651
8.3853
5.12656
4.55323
18.3935
13.6067
5.09413
14.8288
18.7544
5.47445
8.58068
15.4483
2.22144
16.126
0.922426
5.19586
11.4146
1.96993
3.23584
12.4586
5.20148
9.76058
4.07334
0.501589
2.20071
14.7542
3.07259
18.0488
16.4363
18.8045
7.80414
7.61332
8.30818
0.814847
13.2477
4.11641
0.51921
7.13324
4.47545
5.46567
18.2837
0.497308
8.2357
19.1722
11.8856
1.29706
4.02809
17.8996
3.03681
12.3285
13.42
5.38888
9.07629
0.675495
4.96916
2.98792
10.3544
0.519385
10.8159
7.7282
1.60533
12.6319
10.1345
3.39847
2.6294
12.3638
12.3488
3.81764
6.11878
3.89157
16.3145
9.19206
2.02031
8.94868
5.99614
19.0884
13.9596
4.41702
0.682267
0.519232
2.1675
9.55478
14.1118
8.77388
1.66417
17.4585
