11.9843
5.97624
2.1855
4.81086
4.03048
0.423495
9.90351
2.58702
3.93687
0.855578
3.55552
1.18853
3.83425
0.58884
2.23926
4.62734
4.33262
1.22533
2.61872
1.41855
8.602
5.95146
5.28062
1.71114
2.16656
6.57827
2.24289
7.33456
3.72573
3.73315
11.3415
5.15156
11.2349
11.1788
2.18778
2.21317
5.97818
1.22927
4.76061
3.03283
4.19466
8.37206
0.721782
1.7643
2.64992
0.869007
0.735184
8.4797
3.14787
2.21116
11.7864
4.19524
3.3868
6.37806
3.499
1.50939
0.48912
5.97084
0.419443
4.46272
9.04901
7.35282
1.48348
6.85195
2.76147
5.51349
7.03571
8.09005
11.056
3.49467
2.29056
10.0466
1.3475
8.7301
11.0272
0.831948
0.691063
5.85877
2.57163
4.80747
7.97043
6.66513
0.898675
7.89627
2.22444
1.0028
7.40266
0.501388
3.86156
9.78322
6.67253
1.4854
9.75241
1.43101
4.93047
7.28457
3.14649
0.483396
0.877923
6.0929
