0.845721
0.874393
0.845106
0.840424
0.868168
0.854931
0.839803
0.855756
0.838337
0.830755
0.848066
0.823852
0.838505
0.8789
0.933307
0.83445
0.828771
0.848622
0.867618
0.828717
0.850704
0.839124
0.865053
0.851247
0.83984
0.847656
0.827245
0.756537
0.848378
0.829202
0.87109
0.845135
0.837778
0.839782
0.838427
0.85938
0.863489
0.850423
0.843535
0.841418
0.83273
0.838195
0.909744
0.842261
0.842597
0.83927
0.836226
0.85713
0.841737
0.851185
0.870382
0.839805
0.847698
0.831893
0.83571
0.850787
0.808722
0.783651
0.844815
0.830613
0.837029
0.876334
0.833395
0.844412
0.843079
0.853752
0.869108
0.831997
0.834394
0.90641
0.838017
0.852844
0.836082
0.832125
0.346044
0.86785
0.842307
0.837425
0.841703
0.861058
0.827657
0.837524
0.825352
0.957606
0.865943
0.852803
0.6561
0.819856
0.830553
0.890033
0.846345
0.834089
0.846341
0.833684
0.855839
0.828519
0.835641
0.850247
0.835301
0.663007
