0.142296
0.060598
0.170582
0.120054
0.029266
0.069564
0.205752
0.017348
0.26443
0.219241
0.038222
0.153438
0.147837
0.046371
0.008749
0.229665
0.078044
0.024236
0.153736
0.209546
0.116984
0.158046
0.113504
0.090892
0.050305
0.076008
0.145256
0.017211
0.199941
0.098576
0.083901
0.115933
0.190395
0.160791
0.115006
0.108444
0.127343
0.173122
0.192855
0.071381
0.050737
0.173734
0.022116
0.144866
0.201953
0.145201
0.168348
0.190147
0.20846
0.076947
0.13561
0.116727
0.105296
0.110327
0.123488
0.199205
0.008777
0.018556
0.1727
0.154091
0.190315
0.101372
0.139605
0.211063
0.129735
0.141397
0.071204
0.142735
0.20787
0.032304
0.087854
0.096244
0.097291
0.200861
0.003928
0.14368
0.257161
0.284899
0.215915
0.101227
0.225571
0.152848
0.196839
0.00698
0.11747
0.085524
0.002741
0.125518
0.195707
0.047937
0.139698
0.163726
0.216591
0.111039
0.140956
0.028201
0.17905
0.105369
0.191719
0.0073
