0.963131
0.965754
0.931772
0.964374
0.943221
0.368654
0.961493
0.926573
0.948292
0.846803
0.943528
0.875603
0.939655
0.88919
0.925231
0.95035
0.952756
0.929253
0.942585
0.899845
0.963748
0.949006
0.94745
0.903052
0.948055
0.954966
0.921697
0.962457
0.958044
0.957005
0.967877
0.945827
0.961293
0.964736
0.941477
0.944885
0.945451
0.901547
0.958132
0.94181
0.958402
0.960477
0.821166
0.925468
0.950434
0.864554
0.889721
0.956129
0.945538
0.921881
0.965268
0.958775
0.941452
0.960085
0.94394
0.925676
0.69536
0.960779
0.444444
0.951451
0.961377
0.965348
0.894552
0.960396
0.958441
0.949414
0.945926
0.965846
0.964345
0.946761
0.960169
0.964369
0.93542
0.970909
0.962762
0.886555
0.829945
0.96627
0.961005
0.944493
0.952605
0.951262
0.879862
0.956761
0.936007
0.868083
0.965347
0.925159
0.960119
0.956451
0.959052
0.906399
0.968307
0.943311
0.951912
0.965883
0.946237
0.675716
0.878078
0.962762
