0.879365
0.880862
0.861225
0.876469
0.867696
0.427828
0.889343
0.866077
0.891977
0.850785
0.88384
0.871986
0.877439
0.889413
0.882386
0.874182
0.880674
0.860033
0.869355
0.844746
0.89635
0.888111
0.876824
0.868694
0.877504
0.877967
0.887308
0.87738
0.87522
0.874068
0.884296
0.877877
0.889774
0.891061
0.869968
0.864126
0.900843
0.854401
0.887271
0.881878
0.881068
0.875587
0.839473
0.873412
0.885516
0.862913
0.79128
0.875995
0.859915
0.878298
0.88179
0.879297
0.887944
0.878269
0.882505
0.865038
0.67855
0.875555
0.444444
0.889606
0.897055
0.891543
0.892188
0.885018
0.862294
0.882902
0.871635
0.878176
0.888117
0.881783
0.877066
0.874283
0.870449
0.875761
0.899582
0.886271
0.839071
0.884129
0.860735
0.889327
0.882779
0.878222
0.880172
0.87086
0.867009
0.86533
0.876912
0.924175
0.877874
0.884195
0.899074
0.854664
0.877607
0.881367
0.880938
0.879169
0.870799
0.692519
0.877626
0.868338
