0.89261
0.900959
0.931386
0.915714
0.914924
0.374494
0.904605
0.889983
0.918371
0.844846
0.912576
0.946903
0.904866
0.889505
0.891003
0.914103
0.899992
0.929051
0.903996
0.89869
0.896388
0.906323
0.92065
0.902066
0.919439
0.892908
0.920885
0.906895
0.897069
0.899413
0.896314
0.919684
0.903767
0.905204
0.896852
0.901081
0.896567
0.900707
0.91079
0.906614
0.905496
0.90801
0.841826
0.924217
0.885348
0.862302
0.888889
0.902712
0.913968
0.920433
0.89414
0.904599
0.917003
0.897163
0.911983
0.924464
0.662183
0.915468
0.444444
0.911951
0.895126
0.910253
0.892172
0.903418
0.92027
0.905517
0.89027
0.894039
0.901736
0.912626
0.916353
0.91697
0.934414
0.902148
0.899265
0.886005
0.832553
0.899913
0.921873
0.889008
0.899544
0.909399
0.878951
0.901403
0.892742
0.866396
0.908534
0.923981
0.903988
0.908824
0.89888
0.907127
0.904112
0.880842
0.902654
0.910874
0.927799
0.669442
0.877013
0.904051
