0.785736
0.823681
0.811533
0.826655
0.81582
0.374494
0.785583
0.792561
0.792382
0.842013
0.805695
0.794146
0.804965
0.890632
0.80773
0.801671
0.788094
0.794644
0.805443
0.8408
0.782841
0.79643
0.798522
0.808631
0.803834
0.804763
0.803927
0.796465
0.820726
0.799505
0.79447
0.803769
0.792654
0.804227
0.823349
0.787723
0.786728
0.833207
0.802362
0.79086
0.810752
0.789136
0.812665
0.827
0.820609
0.864167
0.889461
0.799678
0.796525
0.8072
0.786645
0.810241
0.808154
0.791781
0.803711
0.812617
0.662183
0.799974
0.444444
0.797611
0.796398
0.793876
0.836187
0.787969
0.822111
0.78701
0.777179
0.803096
0.800297
0.82088
0.800986
0.796086
0.81086
0.800211
0.798637
0.886608
0.821631
0.805217
0.788075
0.804637
0.793859
0.791431
0.787099
0.792631
0.787672
0.866482
0.79582
0.923958
0.804573
0.790993
0.795216
0.797972
0.796004
0.825376
0.816265
0.797601
0.811293
0.637242
0.773931
0.796131
