0.001299
0.000728
0.000319
0.000656
0.000551
5.1e-05
0.001081
0.000368
0.000503
0.000154
0.000475
0.000156
0.000459
8.2e-05
0.000316
0.000569
0.000519
0.000174
0.000329
0.000189
0.000882
0.000659
0.000586
0.000232
0.000271
0.000673
0.000295
0.000731
0.00043
0.000435
0.001059
0.000492
0.001063
0.000981
0.000265
0.000268
0.00059
0.000166
0.000523
0.000345
0.000452
0.000768
8.3e-05
0.000215
0.000305
0.000105
8e-05
0.000743
0.000332
0.000253
0.001011
0.000448
0.00035
0.000607
0.000354
0.000172
5.6e-05
0.000512
3.7e-05
0.000456
0.000773
0.000666
0.000168
0.000644
0.000285
0.000512
0.000615
0.00068
0.00226
0.00033
0.000609
0.000778
0.000165
0.000698
0.001119
8.5e-05
7.2e-05
0.00051
0.000257
0.000435
0.001817
0.001174
0.000355
0.001297
0.000414
0.000208
0.001136
8.2e-05
0.00064
0.001138
0.000894
0.000252
0.001212
0.00025
0.00073
0.000982
0.000461
7.1e-05
0.000141
0.000781
