0.001144
0.00067
0.000296
0.000569
0.000479
4.7e-05
0.000951
0.00032
0.000434
0.000113
0.000383
0.000137
0.000404
7.5e-05
0.000263
0.000502
0.000474
0.000176
0.000284
0.000194
0.00085
0.000601
0.000551
0.000221
0.000684
0.000677
0.000262
0.000704
0.000393
0.000393
0.001032
0.000454
0.000995
0.000962
0.000257
0.000269
0.000911
0.0002
0.000484
0.000321
0.000443
0.000747
7.9e-05
0.000218
0.000294
0.000102
8e-05
0.000756
0.000462
0.000248
0.001964
0.000508
0.001007
0.000663
0.000389
0.000196
0.000117
0.001216
7.3e-05
0.000538
0.001633
0.001364
0.000321
0.001184
0.000565
0.000921
0.00083
0.000765
0.002552
0.000953
0.000293
0.001383
0.000243
0.00117
0.001377
0.00015
0.000124
0.000832
0.000396
0.000701
0.000997
0.000911
0.000139
0.000989
0.000335
0.000314
0.001157
9.4e-05
0.000705
0.001434
0.001045
0.000283
0.001322
0.000457
0.000642
0.000871
0.000493
7e-05
0.000132
0.000751
