0.605572
0.31742
0.119243
0.323741
0.293281
0.003932
0.522288
0.142527
0.209626
0.034616
0.193065
0.055921
0.205111
0.016001
0.119746
0.249671
0.31339
0.115553
0.15294
0.071726
0.458306
0.321853
0.281448
0.090688
0.114284
0.349168
0.116676
0.384387
0.198088
0.202824
0.563233
0.23912
0.580973
0.575038
0.118249
0.118727
0.319014
0.060085
0.256963
0.165239
0.300443
0.513005
0.024811
0.09351
0.147257
0.035137
0.025235
0.463151
0.247488
0.120105
0.608162
0.229457
0.186299
0.338254
0.18502
0.076993
0.008694
0.302257
0.002599
0.24133
0.469856
0.392008
0.076464
0.364304
0.15173
0.293975
0.379422
0.498299
0.639738
0.168791
0.120044
0.52901
0.067356
0.455922
0.573709
0.032463
0.023134
0.378056
0.141313
0.257873
0.423703
0.353656
0.038025
0.413134
0.121451
0.045165
0.38939
0.010039
0.210217
0.509705
0.354179
0.07928
0.564194
0.139441
0.274191
0.386178
0.172664
0.008509
0.035124
0.32416
