0.566756
0.548662
0.562348
0.567015
0.565458
0.564636
0.566281
0.563838
0.557151
0.577164
0.565662
0.567254
0.580864
0.568574
0.564816
0.562408
0.562537
0.560755
0.559962
0.565176
0.557821
0.566211
0.564685
0.565191
0.538823
0.571153
0.568892
0.542656
0.558224
0.558292
0.567095
0.582849
0.562675
0.565425
0.55793
0.563514
0.569406
0.548408
0.567066
0.554923
0.579481
0.558981
0.562842
0.561437
0.564077
0.579922
0.561374
0.567169
0.569504
0.55716
0.568099
0.56753
0.565023
0.57013
0.563853
0.565025
0.57109
0.564189
0.579507
0.566416
0.565086
0.561244
0.58225
0.567996
0.563736
0.56467
0.557637
0.56596
0.56526
0.568822
0.567579
0.561144
0.579967
0.558763
0.557952
0.571428
0.567172
0.568003
0.564267
0.565719
0.54052
0.57558
0.562285
0.563291
0.575215
0.563921
0.575796
0.564716
0.564566
0.583842
0.568077
0.573258
0.557746
0.560306
0.571111
0.562007
0.560477
0.543677
0.565177
0.575344
