0.002108
0.000137
0.001564
0.000541
0.000355
4.8e-05
0.000224
0.001276
0.000649
0.00013
0.001426
0.001546
0.000308
0.000536
0.001118
0.002185
0.000579
0.000445
0.000887
0.002703
0.001574
0.000689
0.002143
0.0012
6.5e-05
0.000328
0.000121
6.4e-05
0.002105
0.000515
0.000517
0.000141
0.000221
0.000785
0.001196
0.000645
0.001117
6.1e-05
0.000513
8.4e-05
0.000357
0.001388
0.000802
0.001743
0.000937
6.7e-05
0.000149
0.001579
0.000562
0.000146
0.001577
7.7e-05
0.001049
0.000791
0.000331
0.000558
8.7e-05
0.0013
0.000467
0.002253
0.001585
7.3e-05
0.000399
0.000141
0.002281
0.001476
0.000706
0.001124
0.000749
0.002157
0.000144
0.001122
7.8e-05
0.001968
0.001572
0.000465
0.001755
0.001455
0.003002
0.001524
0.000107
0.000996
0.000466
0.001293
0.000559
0.001059
0.000504
0.001762
0.000378
0.00011
0.000725
0.002233
0.000597
0.001064
0.000749
0.001025
0.000569
8e-05
0.000433
0.000664
