0.339027
0.355546
0.343951
0.351272
0.357667
0.348667
0.3559
0.34385
0.349568
0.351812
0.36153
0.350636
0.354901
0.350559
0.353862
0.352044
0.352557
0.354055
0.359503
0.342441
0.349475
0.356717
0.354652
0.348646
0.340308
0.351997
0.35817
0.354781
0.35164
0.349909
0.350978
0.354895
0.35462
0.349236
0.353067
0.358346
0.34907
0.349777
0.365644
0.349818
0.344355
0.336011
0.347393
0.357802
0.348533
0.343344
0.355054
0.349979
0.355007
0.345643
0.350349
0.349081
0.352135
0.356891
0.355739
0.350361
0.323415
0.35611
0.349186
0.350663
0.343773
0.350362
0.357437
0.351897
0.341404
0.357791
0.35193
0.348932
0.345285
0.352995
0.354701
0.337593
0.34867
0.35461
0.340136
0.346484
0.343671
0.356333
0.354663
0.345354
0.33839
0.355277
0.329999
0.351153
0.345319
0.354929
0.351128
0.340696
0.340723
0.356472
0.349072
0.356063
0.335722
0.348803
0.34556
0.341704
0.350702
0.340008
0.34942
0.339807
