0.000605
0.000212
0.000744
0.000469
0.000118
0.000244
0.000907
5e-05
0.000877
0.000934
0.000135
0.000572
0.000527
0.000163
5.3e-05
0.000917
0.000132
7.3e-05
0.000477
0.000845
0.000399
0.0006
0.000386
0.000314
0.000176
0.00062
0.001312
0.000178
0.000484
0.000155
0.000206
0.000393
0.000734
0.000579
0.00068
0.000694
0.00087
0.00135
0.001448
0.000397
0.000301
0.001153
0.000116
0.000942
0.001331
0.00085
0.001047
0.000643
0.00127
0.000358
0.000352
0.000273
0.000375
0.00099
0.001104
0.002094
0.000138
0.000111
0.001
0.000822
0.001137
0.000261
0.000744
0.001481
0.000719
0.000796
0.000413
0.000712
0.001166
0.000154
0.000398
0.000425
0.000434
0.001093
6.6e-05
0.000734
0.000902
0.00105
0.001086
0.000391
0.001297
0.000627
0.000912
6.7e-05
0.000505
0.00035
5.7e-05
0.000529
0.00094
0.00019
0.000601
0.000421
0.000605
0.000215
0.001143
0.000164
0.000893
0.000469
0.000977
6.3e-05
