0.958463
0.742026
0.928551
0.956981
0.976322
0.961557
0.752347
0.934836
0.897015
0.97678
0.972626
0.958769
0.96877
0.931858
0.9469
0.982639
0.918307
0.669174
0.951235
0.959497
0.936413
0.953072
0.969873
0.720396
0.906626
0.935558
0.985541
0.924417
0.985222
0.965329
0.963439
0.896541
0.947498
0.818612
0.928998
0.961992
0.942806
0.936272
0.950487
0.919392
0.968754
0.939241
0.965109
0.96475
0.796898
0.929157
0.90289
0.970404
0.976595
0.88075
0.938711
0.924603
0.93238
0.92942
0.973798
0.961356
0.979749
0.941991
0.977276
0.906795
0.898476
0.973367
0.933161
0.950454
0.972543
0.981042
0.960757
0.955175
0.951074
0.962285
0.907723
0.979543
0.912563
0.864551
0.916043
0.973918
0.972285
0.944359
0.978362
0.922167
0.95372
0.544971
0.954019
0.980728
0.928663
0.962016
0.954055
0.960458
0.945301
0.787346
0.941951
0.955185
0.889799
0.985928
0.976578
0.979188
0.967812
0.956473
0.928033
0.931539
