0.03825
0.338554
0.198661
0.315018
0.108477
0.315837
0.118052
0.282404
0.208999
0.173111
0.23883
0.228488
0.238149
0.293048
0.286664
0.073059
0.200999
0.179597
0.018973
0.244241
0.163806
0.315691
0.298778
0.155026
0.342476
0.157225
0.23799
0.355513
0.253949
0.19195
0.071597
0.168921
0.393196
0.377216
0.011628
0.13784
0.12766
0.114046
0.065375
0.319505
0.161619
0.018256
0.367229
0.199126
0.129298
0.365098
0.354551
0.320725
0.059472
0.27347
0.434394
0.391283
0.329854
0.398103
0.34513
0.156622
0.225303
0.137949
0.334805
0.201685
0.107837
0.191866
0.217378
0.349435
0.370765
0.116019
0.111743
0.194727
0.281345
0.171382
0.372948
0.259064
0.122049
0.261188
0.263418
0.115561
0.148572
0.215214
0.132943
0.186499
0.115955
0.288737
0.124795
0.295696
0.26509
0.199891
0.049393
0.268685
0.378503
0.131749
0.173156
0.332099
0.219837
0.116671
0.289558
0.19834
0.040148
0.136345
0.355557
0.152767
