0.946745
0.98903
0.629976
0.919046
0.988469
0.98798
0.986922
0.977358
0.988697
0.97413
0.982814
0.989606
0.0064
0.986463
0.560142
0.996022
0.981411
0.987816
0.988131
0.989198
0.982896
0.989648
0.971473
0.98788
0.99068
0.977437
0.984572
0.996994
0.554036
0.975013
0.982104
0.952893
0.988117
0.976952
0.988242
0.822044
0.994045
0.978342
0.986608
0.986838
0.993439
0.93247
0.992789
0.988215
0.986722
0.991762
0.958446
0.983517
0.994639
0.989453
0.994157
0.988684
0.99301
0.998108
0.991951
0.969605
0.980071
0.986979
0.98882
0.989061
0.899675
0.972311
0.983303
0.87804
0.966253
0.980505
0.9963
0.978987
0.971418
0.984566
0.987642
0.994087
0.988394
0.980397
0.989495
0.9983
0.988609
0.991973
0.993765
0.99687
0.98104
0.996129
0.98908
0.990334
0.963628
0.966968
0.995375
0.993503
0.983153
0.983552
0.995786
0.99574
0.990732
0.989993
0.98931
0.983932
0.977088
0.98967
0.985585
0.942518
