0.948277
5.74878
0.466334
1.02951
2.25124
7.64207
3.17347
1.11983
3.90984
1.45522
1.06493
11.719
0.401637
0.935752
0.458022
6.0107
2.88534
7.60789
6.03036
12.5987
4.27043
2.89605
1.3836
9.53665
4.31511
2.55015
2.89581
14.0914
0.460899
1.82768
4.97676
1.03879
9.78927
0.990695
4.75116
0.482196
8.1476
1.49204
4.56859
5.06508
13.1175
1.09634
12.9038
11.3367
9.47933
12.848
1.89019
6.81269
10.4963
11.7878
5.86194
8.18137
10.1767
13.4723
8.7833
1.66003
1.28504
8.57257
3.00635
5.94231
0.804549
2.22816
2.7104
0.559976
1.99309
4.39316
13.1937
2.70095
0.537651
3.09453
7.19018
2.04512
8.90074
4.57354
12.4766
9.58266
12.4181
14.4963
5.17785
12.8017
2.27372
14.3224
14.1756
7.07863
1.42314
1.92543
10.2042
2.59714
4.56646
6.81974
11.154
4.37885
13.7678
12.3055
5.32796
3.0671
3.11103
4.66959
8.58662
1.0091
