0.726243
0.65628
0.571722
0.742914
0.684872
0.658651
0.701702
0.691692
0.717291
0.729264
0.739054
0.661201
0.0064
0.712192
0.532659
0.694742
0.656161
0.673892
0.668659
0.655427
0.702252
0.681714
0.715841
0.659088
0.701133
0.677657
0.710587
0.644694
0.487793
0.703191
0.673313
0.76363
0.646594
0.776402
0.65551
0.822044
0.657584
0.721011
0.687558
0.692054
0.67884
0.709429
0.670181
0.650585
0.663534
0.658753
0.703
0.666986
0.686706
0.658747
0.680224
0.65897
0.664743
0.641546
0.672747
0.697232
0.763977
0.669417
0.695137
0.695715
0.79794
0.667892
0.703996
0.696237
0.71171
0.703672
0.674204
0.703951
0.739044
0.695049
0.679478
0.712791
0.67558
0.661703
0.669473
0.666713
0.673079
0.651893
0.656028
0.650313
0.704306
0.645381
0.664058
0.67737
0.758434
0.730146
0.657175
0.678371
0.699272
0.656401
0.671475
0.675012
0.660007
0.661769
0.692456
0.662162
0.691278
0.669167
0.662297
0.793444
