0.944683
0.969074
0.632152
0.909113
0.950989
0.955406
0.957088
0.91421
0.960918
0.92572
0.911472
0.964452
0.0064
0.902948
0.524481
0.957967
0.952085
0.970205
0.951107
0.962941
0.959084
0.959092
0.918522
0.958976
0.965682
0.94448
0.953824
0.963684
0.562319
0.97358
0.959562
0.951803
0.96073
0.898844
0.966055
0.822044
0.949625
0.927846
0.962495
0.945548
0.968963
0.926598
0.968351
0.961213
0.959967
0.945762
0.950969
0.946922
0.955159
0.952812
0.955674
0.97141
0.952522
0.963416
0.961981
0.968026
0.919153
0.955346
0.957304
0.968065
0.894921
0.936324
0.951327
0.878884
0.960035
0.955786
0.971602
0.94727
0.971437
0.954194
0.953229
0.952873
0.956646
0.937325
0.962672
0.956526
0.961222
0.949257
0.953573
0.961196
0.943577
0.951883
0.964421
0.95534
0.961061
0.962528
0.967466
0.960263
0.937713
0.963281
0.9563
0.950739
0.955723
0.964788
0.94853
0.954542
0.946063
0.947663
0.954155
0.942103
