0.859135
0.805739
0.571722
0.842417
0.852565
0.794866
0.851613
0.802504
0.861483
0.873405
0.84361
0.801902
0.0064
0.826964
0.527993
0.826938
0.781296
0.814345
0.809802
0.80781
0.835526
0.828506
0.823734
0.804788
0.838822
0.829306
0.820842
0.797376
0.487793
0.816007
0.804084
0.87864
0.765394
0.830807
0.801984
0.822044
0.827084
0.825702
0.820856
0.817964
0.805599
0.862688
0.831997
0.800166
0.801915
0.817137
0.836461
0.803459
0.828152
0.807686
0.812631
0.805392
0.823273
0.789862
0.812717
0.807467
0.856066
0.811307
0.822771
0.829851
0.890493
0.787094
0.818918
0.877935
0.84613
0.852146
0.832497
0.828811
0.73426
0.849372
0.82261
0.845962
0.815379
0.810641
0.837853
0.821218
0.821815
0.792677
0.788233
0.793683
0.874687
0.79505
0.815796
0.84826
0.901262
0.849807
0.805178
0.817307
0.820857
0.813836
0.820357
0.812249
0.810912
0.819716
0.82617
0.809494
0.84249
0.802322
0.81205
0.858528
