0.861212
0.96874
0.571589
0.926193
0.949993
0.971973
0.963331
0.911267
0.966362
0.92859
0.917823
0.965441
0.0064
0.90159
0.625356
0.976607
0.950736
0.986551
0.986925
0.987201
0.966227
0.959398
0.935331
0.972686
0.969999
0.94085
0.955095
0.985506
0.550052
0.931685
0.959157
0.951134
0.947097
0.902593
0.968159
0.822044
0.980734
0.978158
0.985761
0.964639
0.980853
0.922583
0.968397
0.975716
0.971809
0.978895
0.952773
0.96386
0.983354
0.976017
0.975308
0.956254
0.980778
0.940476
0.976549
0.967822
0.979898
0.972908
0.956893
0.98797
0.895851
0.934996
0.982559
0.876471
0.959803
0.955386
0.971418
0.976396
0.801508
0.983805
0.986759
0.952756
0.986577
0.957993
0.987011
0.98348
0.975029
0.980976
0.973036
0.972674
0.943314
0.973358
0.987453
0.97845
0.961625
0.962382
0.969572
0.959742
0.981956
0.962802
0.98208
0.948659
0.979062
0.988768
0.928239
0.931201
0.97464
0.967251
0.984156
0.940116
