0.000155
0.000773
6e-05
0.000159
0.000329
0.000952
0.000402
0.00017
0.000505
0.00022
0.00016
0.001244
4.3e-05
0.000138
5.1e-05
0.000681
0.000406
0.000878
0.000709
0.001349
0.000478
0.00034
0.000178
0.001011
0.00133
0.00031
0.00037
0.001434
5.3e-05
0.000414
0.000586
0.000139
0.001141
0.000131
0.000566
3.8e-05
0.001188
0.000197
0.000558
0.000569
0.001332
0.000149
0.001323
0.001192
0.001046
0.001317
0.000243
0.000746
0.001058
0.001188
0.000683
0.000822
0.001145
0.001415
0.000929
0.000216
0.000155
0.000861
0.000365
0.000624
8.7e-05
0.00077
0.00086
6.6e-05
0.00025
0.000998
0.00257
0.000347
5.6e-05
0.000593
0.000823
0.000271
0.000916
0.000532
0.001265
0.001057
0.001265
0.001446
0.000609
0.001363
0.000284
0.001477
0.001408
0.000916
0.000243
0.000354
0.00155
0.000452
0.000694
0.000966
0.001536
0.000696
0.001521
0.001586
0.000771
0.000439
0.000392
0.000567
0.000944
0.000136
