0.083855
0.332464
0.006618
0.099069
0.194365
0.404905
0.177855
0.055746
0.205384
0.079086
0.051385
0.599245
0.005138
0.091708
0.009205
0.346279
0.16405
0.398117
0.321446
0.638628
0.235564
0.162124
0.072755
0.50327
0.232075
0.214962
0.200216
0.717146
0.017726
0.162974
0.279615
0.048844
0.511735
0.045133
0.265306
0.002577
0.424574
0.075186
0.246973
0.35129
0.737318
0.051056
0.732061
0.583643
0.49379
0.666937
0.103714
0.364206
0.620264
0.766841
0.31543
0.418015
0.52641
0.775645
0.463995
0.090014
0.064631
0.450546
0.165738
0.31618
0.031103
0.125851
0.153892
0.013207
0.109453
0.244816
0.742212
0.149379
0.012177
0.172367
0.458168
0.184289
0.461448
0.254905
0.61214
0.497603
0.62744
0.737307
0.281427
0.655256
0.126201
0.723227
0.699402
0.370198
0.072192
0.104008
0.524853
0.144249
0.245672
0.356837
0.572792
0.24228
0.701287
0.627429
0.291436
0.174115
0.175029
0.255464
0.448052
0.097173
