0.048064
0.418724
0.006846
0.05384
0.156009
0.543212
0.22071
0.065129
0.257359
0.09248
0.059425
0.813748
0.005119
0.100919
0.008953
0.431735
0.211192
0.529746
0.427947
0.868225
0.296617
0.20501
0.085508
0.67553
0.372769
0.253278
0.206556
0.971716
0.005989
0.123274
0.356182
0.05609
0.709722
0.050707
0.344471
0.002599
0.550562
0.157878
0.396647
0.351476
0.896499
0.060903
0.883449
0.786058
0.669883
0.879196
0.127155
0.479935
0.725559
0.882716
0.410737
0.561574
0.696102
0.941806
0.599191
0.110401
0.07565
0.593014
0.212676
0.411485
0.035587
0.158064
0.192557
0.014228
0.133614
0.302005
0.967003
0.262439
0.013512
0.218234
0.49566
0.13888
0.616052
0.320307
0.823861
0.668376
0.845256
0.986407
0.373198
0.887644
0.152606
1.05604
1.02543
0.47472
0.086554
0.128597
0.725347
0.185448
0.311226
0.470203
0.751712
0.313239
0.931571
0.838869
0.367048
0.225
0.223003
0.407148
0.673311
0.052483
