0.093816
0.422851
0.020607
0.103143
0.222167
0.506438
0.288476
0.117003
0.317287
0.152583
0.110535
0.649551
0.008705
0.092083
0.018652
0.43591
0.273817
0.499859
0.437495
0.669411
0.349635
0.271701
0.146255
0.650743
0.41965
0.320675
0.27334
0.729386
0.018273
0.19017
0.463317
0.107841
0.592582
0.099859
0.502079
0.039267
0.565302
0.147948
0.366579
0.384478
0.781272
0.110143
0.693221
0.639849
0.585513
0.698604
0.193737
0.471182
0.612396
0.663209
0.42969
0.519005
0.671312
0.785183
0.626481
0.172122
0.130733
0.540607
0.275529
0.484729
0.138235
0.291091
0.262088
0.036174
0.202177
0.3616
0.690683
0.2597
0.035293
0.281935
0.485302
0.216138
0.623417
0.441506
0.658257
0.576689
0.664672
0.737133
0.397416
0.687639
0.225561
0.730881
0.712514
0.47373
0.143876
0.195959
0.600385
0.299133
0.363724
0.466556
0.629847
0.358726
0.716788
0.669303
0.480672
0.296021
0.285113
0.372552
0.546843
0.099325
