0.000192
0.001113
8.1e-05
0.000235
0.000407
0.001119
0.000629
0.000207
0.000658
0.000287
0.000221
0.001573
5.4e-05
0.000164
6.2e-05
0.000884
0.000468
0.001042
0.000864
0.001636
0.000701
0.000468
0.000264
0.001322
0.000689
0.000413
0.00047
0.001697
5.9e-05
0.0003
0.000658
0.000166
0.001179
0.000161
0.000632
5.6e-05
0.000981
0.000251
0.000616
0.000655
0.001511
0.000179
0.001483
0.001268
0.001134
0.001416
0.000251
0.000749
0.001141
0.001264
0.000666
0.000858
0.001083
0.001297
0.00092
0.000223
0.000163
0.000819
0.000341
0.000613
0.000108
0.00068
0.00031
6.1e-05
0.000246
0.000487
0.001244
0.000315
6.1e-05
0.00035
0.00072
0.000275
0.000845
0.00049
0.002275
0.002458
0.002907
0.003064
0.00119
0.002504
0.000574
0.002466
0.00346
0.001456
0.000445
0.000676
0.002342
0.00069
0.001152
0.001579
0.001937
0.000701
0.001801
0.001661
0.000787
0.000518
0.000491
0.00073
0.001144
0.000176
