0.894352
0.930366
0.924821
0.915522
0.885485
0.904062
0.888267
0.902639
0.943536
0.894269
0.884361
0.889598
0.914294
0.908856
0.926261
0.820123
0.922496
0.90356
0.523211
0.894375
0.858526
0.902507
0.887367
0.884198
0.903005
0.939754
0.909746
0.900215
0.915552
0.894096
0.928804
0.912814
0.901197
0.910808
0.0658778
0.858038
0.900544
0.849649
0.906484
0.894626
0.941532
0.170844
0.90463
0.931507
0.945632
0.930627
0.924841
0.909323
0.982341
0.888633
0.912314
0.917072
0.892614
0.9085
0.896657
0.928288
0.882322
0.90748
0.889621
0.879543
0.935013
0.872442
0.920003
0.910753
0.919919
0.881284
0.905497
0.941529
0.92843
0.937478
0.893012
0.867683
0.898419
0.918533
0.885685
0.864653
0.859602
0.918125
0.907739
0.898021
0.857791
0.911057
0.854656
0.923923
0.902085
0.903746
0.78087
0.925739
0.916461
0.950842
0.888435
0.891317
0.915145
0.866819
0.924503
0.906796
0.854144
0.957369
0.898654
0.882142
