4.92573
1.53245
6.14423
3.93534
0.924896
1.9149
8.67606
0.438336
8.56666
9.42686
1.0375
5.21981
5.04327
1.23329
0.500375
9.50677
0.953253
0.60605
4.65323
8.87505
3.5714
5.78417
3.5961
2.57633
1.3883
2.02823
4.86429
0.62512
4.0874
1.19686
1.7052
3.48185
7.40433
5.76368
3.48698
3.05113
4.1386
6.58901
7.82037
2.00329
1.39485
6.42491
0.715244
5.03661
8.03753
5.34025
6.18316
3.63557
8.8256
2.04637
2.07632
1.49145
2.48897
3.37108
4.01874
8.25578
0.502375
0.780648
6.45777
5.27592
7.49547
1.33629
4.68494
8.95441
4.16529
4.76873
1.93295
4.92112
8.66578
0.939897
2.43004
2.8436
2.92604
8.58943
0.423208
4.99839
7.30991
9.05295
9.50849
2.86937
9.76881
5.33941
7.86716
0.517445
3.72984
2.33075
0.416368
3.87828
7.74246
1.25814
4.72113
3.21274
4.83146
1.41753
4.11102
0.842464
6.87824
3.08245
7.57979
0.475785
