0.000431
0.001456
0.001073
0.001322
0.001808
0.00067
0.001388
0.00078
0.000845
0.000378
0.001707
0.001481
0.001194
0.00034
0.000159
0.002017
0.000998
0.001918
0.000183
0.000568
0.001744
0.003039
0.000189
0.001276
0.00025
0.002839
0.00196
0.000107
0.000192
0.000232
0.000301
0.000259
0.000195
6.9e-05
0.001071
0.002016
0.002046
0.000304
0.00126
0.000607
0.000724
0.000325
0.000182
0.000146
0.001133
0.000526
0.000369
0.000137
0.000429
0.00156
0.000809
0.001122
5.5e-05
0.001725
0.000274
9.3e-05
0.000617
0.00156
0.001385
0.001561
0.000564
0.000249
0.000541
0.000443
0.000528
0.000446
0.000256
0.00027
0.000807
0.00053
0.0009
8.1e-05
0.000986
0.001407
0.000412
0.000767
0.000868
0.000762
0.000216
0.000179
0.001316
0.000522
0.000133
0.000405
0.000407
0.001159
0.001055
0.001411
0.00132
0.000176
0.000983
0.000204
0.000366
0.000549
0.000775
0.000329
0.000324
0.000302
0.00015
0.000722
