0.981001
0.963252
0.984855
0.99153
0.910375
0.987694
0.992431
0.857922
0.992497
0.991295
0.95295
0.991499
0.987098
0.984075
0.933048
0.994267
0.969115
0.868404
0.980805
0.994785
0.996929
0.984338
0.985665
0.998292
0.949277
0.97141
0.982111
0.843279
0.989512
0.944791
0.960644
0.977203
0.986418
0.984136
0.991871
0.987354
0.980521
0.986123
0.987354
0.973709
0.947279
0.990757
0.920336
0.996764
0.99806
0.995498
0.99246
0.980362
0.993544
0.973016
0.991276
0.953058
0.96851
0.99024
0.98278
0.988514
0.827781
0.858698
0.98479
0.982917
0.998751
0.971055
0.988943
0.991526
0.983905
0.984537
0.962265
0.986861
0.98784
0.928314
0.991532
0.994485
0.979028
0.988921
0.448944
0.997042
0.991102
0.988507
0.989756
0.971651
0.997064
0.985868
0.987017
0.957606
0.985801
0.97114
0.6561
0.990741
0.991138
0.989649
0.981915
0.975501
0.997546
0.98382
0.998755
0.894646
0.987317
0.9822
0.996829
0.663163
