0.97015
0.951311
0.975788
0.991136
0.880572
0.987204
0.992256
0.843021
0.992118
0.990563
0.946756
0.990842
0.985495
0.9838
0.933187
0.993922
0.966716
0.862332
0.968402
0.994549
0.996841
0.977966
0.983795
0.998294
0.936293
0.965217
0.970202
0.807894
0.989199
0.927693
0.947111
0.964454
0.975085
0.974451
0.991736
0.986816
0.970659
0.979805
0.981243
0.96903
0.926654
0.990042
0.913765
0.99667
0.998005
0.995474
0.992212
0.972758
0.993269
0.966845
0.99104
0.932652
0.952753
0.989732
0.977773
0.985275
0.818223
0.827963
0.973216
0.970907
0.998732
0.968698
0.988012
0.991173
0.979102
0.980045
0.943326
0.985276
0.979041
0.918081
0.991178
0.994359
0.972525
0.985521
0.311623
0.996952
0.990539
0.983011
0.986886
0.95689
0.996984
0.982023
0.976074
0.957239
0.983949
0.958302
0.6561
0.990496
0.990662
0.989425
0.972293
0.96377
0.997529
0.983558
0.998756
0.991736
0.983022
0.978022
0.996737
0.656447
