0.970724
0.951138
0.975758
0.990698
0.883971
0.986872
0.99083
0.855044
0.991161
0.988688
0.947675
0.963694
0.983683
0.983818
0.934233
0.972667
0.96678
0.859031
0.970283
0.975898
0.960794
0.978117
0.983316
0.957129
0.93576
0.965687
0.970972
0.821117
0.987859
0.937175
0.950217
0.969175
0.976018
0.976247
0.991286
0.985704
0.974517
0.978995
0.980571
0.971661
0.934547
0.988934
0.913547
0.965792
0.977968
0.995213
0.99136
0.973775
0.992451
0.96526
0.99087
0.941152
0.947103
0.989213
0.976596
0.983556
0.82587
0.840632
0.974403
0.972999
0.974285
0.968247
0.986979
0.989333
0.978736
0.979549
0.947074
0.982991
0.978507
0.924527
0.990965
0.953409
0.973744
0.984578
0.4072
0.971849
0.989275
0.982053
0.985766
0.960238
0.976869
0.981347
0.975712
0.957272
0.982953
0.961315
0.6561
0.989722
0.988945
0.989327
0.972614
0.970635
0.970856
0.983217
0.965434
0.873677
0.981766
0.977402
0.97539
0.655963
