0.974147
0.949301
0.978265
0.990551
0.886744
0.986726
0.990817
0.852556
0.991131
0.988582
0.944548
0.990263
0.983614
0.925036
0.932307
0.993355
0.965893
0.849631
0.972334
0.994092
0.996817
0.978352
0.982621
0.954927
0.935753
0.962982
0.972711
0.827597
0.98781
0.933411
0.949335
0.965777
0.977109
0.975941
0.991244
0.985641
0.974205
0.981179
0.981768
0.967388
0.925382
0.988906
0.909136
0.975025
0.980176
0.995194
0.991314
0.973667
0.992436
0.964594
0.990845
0.934184
0.956771
0.989192
0.976893
0.983734
0.8103
0.831956
0.976423
0.974506
0.977604
0.967412
0.986651
0.989217
0.978311
0.978127
0.948246
0.983027
0.979958
0.911556
0.990947
0.994279
0.972107
0.984802
0.448944
0.972969
0.989161
0.983406
0.9857
0.961132
0.99686
0.980917
0.979951
0.957161
0.982715
0.959434
0.6561
0.9897
0.988928
0.989301
0.972123
0.964399
0.971371
0.983111
0.972621
0.87903
0.983509
0.977131
0.996628
0.649489
