0.902566
0.881522
0.891821
0.911637
0.873186
0.915487
0.919534
0.857922
0.919007
0.903115
0.94506
0.899511
0.920083
0.878656
0.932419
0.926597
0.842521
0.848564
0.894612
0.906872
0.91646
0.917066
0.938829
0.894735
0.926035
0.901631
0.912198
0.779746
0.91372
0.919437
0.938686
0.916498
0.924244
0.9147
0.907946
0.898486
0.930476
0.922531
0.905923
0.89886
0.913458
0.906735
0.910219
0.928554
0.907876
0.926108
0.906889
0.89189
0.922744
0.905237
0.926913
0.912406
0.890832
0.904065
0.9365
0.911703
0.808152
0.805467
0.917682
0.90901
0.898935
0.886968
0.918978
0.92049
0.905787
0.911779
0.929633
0.915825
0.889809
0.905673
0.885282
0.893691
0.922223
0.912295
0.346044
0.92739
0.909147
0.914744
0.917923
0.903229
0.895495
0.918732
0.90377
0.957606
0.900239
0.907142
0.6561
0.914188
0.915988
0.889168
0.90268
0.912894
0.899693
0.900721
0.921287
0.826236
0.902326
0.930554
0.897173
0.663007
