0.969707
0.954608
0.975541
0.990591
0.873381
0.986749
0.990869
0.852556
0.991152
0.988575
0.949458
0.960471
0.983813
0.983668
0.933426
0.9722
0.966193
0.869409
0.966741
0.973551
0.958592
0.977781
0.982811
0.952447
0.935035
0.963738
0.970057
0.803524
0.988039
0.926564
0.945708
0.967342
0.976026
0.973031
0.991304
0.985974
0.970826
0.980872
0.980701
0.967802
0.925509
0.988935
0.911186
0.963587
0.975266
0.96951
0.968438
0.9726
0.992451
0.966284
0.99087
0.932465
0.955425
0.989233
0.976957
0.983245
0.817559
0.836206
0.97277
0.973263
0.974758
0.967881
0.986676
0.989224
0.978501
0.97828
0.948486
0.983084
0.978412
0.917119
0.990975
0.954862
0.973022
0.98429
0.346044
0.964976
0.989226
0.982044
0.985597
0.954545
0.977563
0.981399
0.975198
0.957161
0.982792
0.958427
0.6561
0.989732
0.988926
0.989343
0.974106
0.964189
0.970529
0.983158
0.962062
0.872453
0.981512
0.977279
0.972826
0.663007
