0.981001
0.963252
0.984855
0.99153
0.910405
0.987694
0.992431
0.857922
0.992497
0.991295
0.952955
0.991561
0.987098
0.984082
0.933048
0.994267
0.969115
0.868404
0.980805
0.994785
0.996929
0.98434
0.985665
0.998311
0.949277
0.97141
0.982111
0.843279
0.989512
0.944796
0.960645
0.977203
0.986418
0.984136
0.991872
0.987354
0.980521
0.986123
0.987354
0.973709
0.947282
0.990759
0.920336
0.996764
0.99806
0.995498
0.99246
0.980552
0.993544
0.973247
0.991276
0.953058
0.969069
0.99024
0.98278
0.988514
0.827781
0.858698
0.984887
0.982917
0.998751
0.971055
0.988943
0.991526
0.983905
0.984537
0.962265
0.986861
0.98784
0.928318
0.991532
0.994485
0.979028
0.988921
0.448944
0.997042
0.991102
0.988507
0.989756
0.972152
0.997074
0.985868
0.987017
0.957606
0.985801
0.97114
0.6561
0.990804
0.991138
0.98965
0.981915
0.975501
0.997546
0.983829
0.998755
0.894671
0.987317
0.9822
0.996829
0.663163
