0.969796
0.954619
0.975879
0.990596
0.873388
0.98683
0.990846
0.852556
0.99116
0.988782
0.949475
0.960558
0.983738
0.983702
0.933426
0.993392
0.966215
0.869409
0.967192
0.994102
0.960614
0.977809
0.982868
0.956476
0.93516
0.964087
0.970116
0.804095
0.987966
0.931031
0.945739
0.967373
0.976023
0.974067
0.99128
0.985695
0.972541
0.980899
0.981705
0.970476
0.930043
0.988987
0.911186
0.96515
0.975276
0.995217
0.991349
0.972479
0.9925
0.966375
0.990861
0.932802
0.955424
0.989235
0.977492
0.983361
0.816893
0.836492
0.973918
0.973442
0.977553
0.968619
0.986866
0.98952
0.978526
0.978285
0.948725
0.983017
0.979963
0.91716
0.991024
0.994287
0.973993
0.984791
0.346044
0.965388
0.989251
0.982124
0.985788
0.96131
0.980829
0.981392
0.975597
0.957161
0.983992
0.962761
0.6561
0.989753
0.989003
0.98934
0.974158
0.965307
0.970536
0.983429
0.967364
0.872469
0.982313
0.977381
0.973085
0.663007
