0.316919
0.08236
0.315251
0.195703
0.034294
0.156877
0.494346
0.005709
0.410518
0.465032
0.046456
0.275185
0.261427
0.056176
0.008817
0.459189
0.039254
0.015686
0.234679
0.438014
0.191981
0.289064
0.181442
0.136936
0.063853
0.106691
0.255357
0.01819
0.283673
0.117532
0.102607
0.184758
0.378969
0.297247
0.181506
0.162603
0.219369
0.331573
0.390441
0.099062
0.073111
0.325074
0.024164
0.257653
0.40815
0.254258
0.312005
0.189869
0.425842
0.107705
0.106174
0.127461
0.204461
0.171975
0.20566
0.407494
0.008996
0.02004
0.332004
0.276651
0.380421
0.064932
0.242045
0.438044
0.291762
0.323812
0.100368
0.2494
0.437066
0.038927
0.126628
0.145841
0.14893
0.414056
0.003953
0.254741
0.361568
0.444692
0.456063
0.151659
0.494338
0.277172
0.401104
0.006635
0.190423
0.124943
0.002722
0.205855
0.453603
0.112983
0.260105
0.166767
0.254957
0.071294
0.215351
0.032132
0.344325
0.162581
0.382076
0.007429
