0.327697
0.139359
0.378823
0.274911
0.076205
0.160848
0.458879
0.021157
0.460649
0.567854
0.092285
0.351068
0.337883
0.110066
0.02845
0.489281
0.081348
0.041025
0.310303
0.473032
0.271359
0.36083
0.334742
0.206549
0.117976
0.172745
0.331233
0.046068
0.296304
0.109509
0.149302
0.261256
0.434451
0.367093
0.267017
0.245576
0.291594
0.391834
0.438584
0.236064
0.192698
0.394251
0.056707
0.331602
0.450332
0.332088
0.465947
0.270474
0.46332
0.175905
0.251037
0.21362
0.199668
0.256011
0.283656
0.456299
0.028682
0.047378
0.391018
0.3492
0.429599
0.119943
0.319112
0.557407
0.371046
0.324204
0.162406
0.328212
0.474701
0.146986
0.273
0.216314
0.223564
0.4551
0.014302
0.326894
0.419706
0.477745
0.488027
0.222809
0.511312
0.35
0.566076
0.06061
0.305815
0.193854
0.014967
0.287218
0.433542
0.114479
0.320227
0.23797
0.328745
0.132646
0.28982
0.068287
0.404727
0.235203
0.496742
0.058607
