0.348213
0.088168
0.347056
0.218159
0.035551
0.101846
0.48039
0.005746
0.475339
0.583332
0.102428
0.369314
0.288497
0.06231
0.009066
0.510602
0.043164
0.01619
0.2584
0.511792
0.278427
0.393434
0.271884
0.14623
0.06705
0.114836
0.277953
0.019039
0.232848
0.06052
0.093673
0.200887
0.413031
0.325411
0.200739
0.179167
0.235216
0.368011
0.433868
0.106781
0.06893
0.366547
0.062782
0.317127
0.459299
0.361086
0.416006
0.207593
0.560608
0.186565
0.119577
0.147559
0.214605
0.189253
0.222929
0.453798
0.009136
0.020991
0.360002
0.307455
0.420549
0.132808
0.340645
0.494706
0.240714
0.34372
0.178635
0.277701
0.488777
0.04073
0.141623
0.159677
0.160154
0.463755
0.003923
0.28513
0.403798
0.498061
0.583488
0.237325
0.548187
0.302526
0.437489
0.007014
0.210766
0.13391
0.002729
0.226439
0.432881
0.065157
0.27002
0.181297
0.27992
0.076693
0.232749
0.034042
0.447841
0.176891
0.425307
0.007533
