0.237323
0.141866
0.366087
0.180953
0.033136
0.088306
0.390614
0.005582
0.389305
0.428992
0.044321
0.258709
0.242742
0.110324
0.025554
0.49256
0.037075
0.015377
0.222365
0.412611
0.178741
0.275032
0.242973
0.199466
0.06167
0.100607
0.23981
0.017688
0.1943
0.054991
0.13101
0.246407
0.355857
0.278391
0.173792
0.15098
0.201094
0.312995
0.365849
0.093283
0.062233
0.3113
0.023395
0.242861
0.383944
0.24262
0.304713
0.179473
0.404396
0.100904
0.103304
0.072481
0.122576
0.165303
0.263191
0.445417
0.008803
0.019515
0.311187
0.257332
0.355159
0.061639
0.222938
0.405835
0.203259
0.231157
0.094331
0.231805
0.405714
0.037334
0.118396
0.213715
0.13893
0.385866
0.003917
0.24056
0.333932
0.418652
0.421902
0.143195
0.456409
0.254246
0.373085
0.00655
0.177373
0.190787
0.008069
0.251367
0.355871
0.056034
0.230242
0.156682
0.241333
0.066388
0.266998
0.073034
0.348697
0.151504
0.357467
0.00744
