0.000481
0.000188
0.000622
0.000413
0.000102
0.000205
0.000782
4.4e-05
0.000771
0.000844
0.000125
0.000498
0.000489
0.000148
5.6e-05
0.000818
0.000108
6.6e-05
0.000447
0.000818
0.000371
0.000531
0.000369
0.000283
0.000167
0.000224
0.000472
7.7e-05
0.000448
0.000151
0.000199
0.000343
0.000661
0.000515
0.000351
0.000316
0.000398
0.000601
0.000706
0.000389
0.000381
0.001531
0.000195
0.001098
0.00115
0.00104
0.001326
0.000736
0.001579
0.000271
0.000262
0.000182
0.000297
0.00037
0.000416
0.000778
4.8e-05
7.7e-05
0.000661
0.000539
0.000727
0.000173
0.000566
0.001095
0.000584
0.000638
0.000296
0.000659
0.000892
0.000122
0.000297
0.000318
0.000325
0.000792
5.1e-05
0.000499
0.000735
0.000868
0.000993
0.000384
0.001049
0.000612
0.000755
4.9e-05
0.000462
0.00029
3.7e-05
0.000414
0.000875
0.000161
0.000486
0.000355
0.00052
0.000184
0.000426
0.000108
0.000645
0.00033
0.000692
5.3e-05
