0.244205
0.290321
1.03042
0.189971
0.135631
1.00217
0.271851
0.63115
0.652837
0.79776
0.525935
1.0065
0.713944
0.84638
0.58618
0.034766
0.957972
0.618392
0.118166
0.420886
0.343772
0.640176
0.128452
0.426259
0.558061
0.741261
0.491194
0.910253
1.02698
0.315633
0.225587
0.838731
0.270912
0.810424
0.868461
0.754411
0.982004
0.305028
0.030843
0.35748
0.278004
0.176348
0.462893
0.487916
0.990755
0.142353
0.645428
0.444305
0.209121
0.242136
0.932424
1.09789
1.02191
0.639691
0.700261
0.496191
0.136982
0.709108
0.485263
0.417528
0.354784
0.720337
0.586873
0.784404
0.113208
0.480118
0.07085
0.665604
0.922639
1.0458
1.01669
0.031061
0.568408
0.956354
0.081317
0.802715
0.58663
0.78368
0.423623
0.132881
0.043542
0.679858
0.057936
0.789986
0.818819
0.175479
0.952573
0.284029
0.18581
1.08602
0.514122
0.501198
0.153496
0.573018
1.01815
0.272058
0.904381
0.513075
0.834005
0.072847
