0.000624
0.001089
0.005322
0.000559
0.000342
0.004595
0.000634
0.001573
0.001805
0.004109
0.001887
0.004657
0.002623
0.003566
0.002034
0.000153
0.003521
0.001961
0.000245
0.001087
0.00085
0.002035
0.000257
0.000983
0.001415
0.002263
0.001173
0.002604
0.003462
0.001263
0.000447
0.002721
0.000551
0.002604
0.002725
0.002146
0.003178
0.000606
6.5e-05
0.000623
0.000472
0.000315
0.000797
0.000842
0.003035
0.000258
0.001518
0.000853
0.000336
0.000405
0.00263
0.005386
0.002645
0.001145
0.001629
0.000974
0.0002
0.001592
0.000921
0.000701
0.001184
0.00303
0.002164
0.003172
0.000156
0.001132
0.000176
0.002119
0.003418
0.002925
0.002736
7.5e-05
0.001267
0.002358
0.000134
0.001612
0.000864
0.001688
0.000679
0.000177
9.4e-05
0.001368
0.000108
0.001537
0.001795
0.000252
0.002248
0.000372
0.000272
0.002601
0.000826
0.000791
0.000205
0.000754
0.002002
0.000346
0.001889
0.000781
0.001662
0.000104
