0.000229
0.000378
0.003405
0.000231
0.000152
0.002038
0.000318
0.001084
0.001128
0.001454
0.000839
0.001836
0.001094
0.001593
0.000938
0.000188
0.004549
0.002475
0.000305
0.001233
0.001001
0.002088
0.000294
0.001086
0.001455
0.003463
0.000967
0.00179
0.003647
0.000706
0.000431
0.003141
0.000604
0.002896
0.002928
0.002374
0.003424
0.000611
6.8e-05
0.000676
0.0005
0.000456
0.001157
0.001218
0.003882
0.000315
0.001684
0.001246
0.000447
0.000496
0.003231
0.003482
0.004892
0.002249
0.003232
0.001707
0.000369
0.002629
0.001375
0.001026
0.000858
0.002203
0.001602
0.002344
0.000116
0.00086
0.000141
0.001726
0.002536
0.00498
0.003155
8.8e-05
0.001455
0.002891
0.000166
0.001977
0.001111
0.002134
0.000868
0.000227
0.000109
0.001747
0.00013
0.00187
0.002326
0.000324
0.002848
0.000467
0.000313
0.003215
0.001047
0.000998
0.000282
0.001032
0.00263
0.000465
0.002415
0.001017
0.003497
0.000236
