0.71244
0.735526
0.790004
0.721839
0.720534
0.723913
0.708029
0.729929
0.72321
0.734529
0.741788
0.797246
0.740382
0.722309
0.722651
0.686118
0.71242
0.765974
0.743134
0.725723
0.70663
0.72613
0.729178
0.732308
0.721645
0.739302
0.772559
0.70787
0.66716
0.728203
0.73326
0.790553
0.738075
0.722863
0.740563
0.744743
0.729712
0.627121
0.797207
0.696889
0.778012
0.735226
0.715759
0.747015
0.731279
0.738226
0.718071
0.726532
0.72687
0.770986
0.678662
0.731175
0.733081
0.770157
0.712333
0.742509
0.718422
0.73017
0.758598
0.741337
0.754374
0.72066
0.787572
0.729543
0.73262
0.74289
0.741167
0.801769
0.760299
0.799907
0.762074
0.852875
0.744288
0.703155
0.693943
0.736328
0.745757
0.671283
0.723712
0.740972
0.757536
0.742037
0.746381
0.774791
0.709358
0.707324
0.790001
0.766757
0.720737
0.729571
0.719439
0.691394
0.799065
0.710785
0.742786
0.72286
0.737964
0.692298
0.801236
0.740523
