0.11014
0.638821
0.169482
0.04331
1.22353
0.488813
0.445552
0.631102
0.69457
1.05868
0.071819
0.689277
0.296728
0.556281
0.529604
0.57074
0.346757
0.309779
1.19921
0.901056
0.338488
0.963433
1.23541
0.37471
0.577736
0.990253
0.149852
1.05683
0.043872
0.421648
0.839877
0.12756
0.22406
0.824669
0.348395
0.65578
0.270385
0.027315
0.1955
0.986765
0.204138
1.14562
1.0506
1.21156
0.529508
0.512043
0.570154
0.02959
1.11399
0.281185
0.011963
0.483023
0.347313
0.40295
1.17512
0.009828
0.554053
1.21701
0.779563
0.074236
0.274641
1.16055
0.211546
0.824689
0.886104
0.357527
0.605981
0.025115
0.331882
0.199354
0.671979
0.011524
0.701584
0.51359
0.099563
0.824227
0.683497
0.231173
0.253269
0.892587
0.797251
0.256546
0.418632
0.26502
1.06452
0.616224
0.124948
0.583775
0.464731
1.31153
0.922958
0.299878
0.025454
0.011922
0.142764
0.645405
0.999976
0.634896
0.103508
1.11174
