0.674763
0.700214
0.676298
0.692478
0.707618
0.702383
0.706844
0.712539
0.708131
0.708918
0.698123
0.679632
0.706292
0.687268
0.670341
0.698985
0.693014
0.695375
0.692678
0.691248
0.692119
0.698213
0.677137
0.704834
0.71542
0.713246
0.688146
0.770923
0.666055
0.686829
0.689797
0.70064
0.688742
0.547217
0.693963
0.702469
0.708438
0.691625
0.694531
0.685134
0.701562
0.687531
0.687288
0.657643
0.701208
0.699915
0.706454
0.664021
0.707275
0.708121
0.709223
0.70285
0.653256
0.699478
0.708844
0.664031
0.686514
0.709077
0.700365
0.701306
0.70168
0.701985
0.700873
0.694562
0.720476
0.685148
0.707518
0.722539
0.70765
0.684898
0.720557
0.571696
0.690259
0.696115
0.709191
0.679394
0.70371
0.695555
0.663796
0.677617
0.706279
0.692213
0.673935
0.706308
0.694205
0.70879
0.708972
0.69677
0.693657
0.678496
0.69397
0.687368
0.716699
0.69057
0.694606
0.693207
0.694483
0.672409
0.654571
0.708249
