0.214408
0.470637
0.401134
0.452219
0.611479
0.281132
0.50453
0.34114
0.368128
0.191226
0.652492
0.582172
0.529979
0.189339
0.079127
0.787539
0.448986
0.784339
0.046779
0.1839
0.454916
0.743536
0.113345
0.477725
0.116722
0.775157
0.72173
0.037469
0.101722
0.121193
0.172201
0.119385
0.097562
0.044948
0.509624
0.870915
0.778055
0.15949
0.509707
0.325292
0.370673
0.179539
0.091571
0.127331
0.590133
0.296525
0.218939
0.072364
0.262474
0.780134
0.523494
0.647351
0.018279
0.793163
0.173217
0.056208
0.379454
0.732762
0.676054
0.826765
0.35431
0.167348
0.356546
0.295263
0.352802
0.315062
0.185776
0.194262
0.460523
0.365936
0.538027
0.044782
0.568352
0.797795
0.425638
0.468826
0.51852
0.463223
0.170401
0.140019
0.740094
0.379943
0.093375
0.318283
0.322938
0.69662
0.646526
0.783488
0.745422
0.146252
0.615204
0.180692
0.300648
0.414393
0.533308
0.255694
0.251258
0.251769
0.112506
0.574992
