0.074686
0.108074
0.377644
0.126824
0.10191
0.383932
0.099904
0.232266
0.240044
0.306105
0.193045
0.342358
0.234952
0.314534
0.213457
0.012809
0.348305
0.228705
0.045046
0.162619
0.201761
0.23592
0.048086
0.156328
0.20598
0.271992
0.179069
0.301408
0.458271
0.191965
0.149551
0.315139
0.106155
0.297765
0.318703
0.276551
0.362952
0.113162
0.002912
0.114105
0.101811
0.066815
0.147566
0.152212
0.364924
0.052793
0.237267
0.164583
0.076429
0.091148
0.34392
0.450488
0.418819
0.207014
0.257548
0.182512
0.051228
0.261787
0.178949
0.154812
0.131455
0.265087
0.215602
0.2888
0.021367
0.213222
0.065521
0.279519
0.338414
0.383843
0.37394
0.011241
0.209869
0.350813
0.031325
0.269218
0.199872
0.286611
0.156815
0.049581
0.016614
0.248072
0.022172
0.262767
0.301397
0.067471
0.364104
0.104868
0.070216
0.395148
0.189443
0.183743
0.058164
0.183522
0.347134
0.104014
0.396364
0.270194
0.306688
0.027745
