0.105488
0.205007
1.85595
0.110066
0.069835
1.54071
0.185935
0.705524
0.737595
1.02607
0.511563
1.3627
0.711347
1.15155
0.605006
0.01379
1.39858
0.679118
0.058044
0.365054
0.338439
0.789078
0.065388
0.361931
0.646072
0.911088
0.454913
1.08734
1.60281
0.233946
0.139605
1.12494
0.184861
1.06873
1.19857
0.935164
1.48232
0.222851
0.002836
0.265732
0.256017
0.101109
0.33276
0.350081
1.50964
0.074469
0.716462
0.39268
0.126409
0.153537
1.35427
1.61322
1.38289
0.570241
0.829497
0.467803
0.071188
0.849259
0.456437
0.357977
0.278902
0.873553
0.61092
1.00941
0.024208
0.344416
0.031834
0.759913
1.33638
1.66219
1.56394
0.01189
0.58604
1.49633
0.08649
0.931636
0.504267
1.04934
0.430763
0.13205
0.023518
0.781274
0.025304
0.84574
1.08183
0.101055
1.40338
0.197156
0.107276
1.75912
0.498611
0.472648
0.082432
0.473355
1.39374
0.185085
1.28719
0.501557
1.12485
0.032991
