0.905481
0.90013
0.887909
0.892649
0.914272
0.425428
0.903291
0.889663
0.890679
0.841399
0.883531
0.866579
0.876845
0.890867
0.882658
0.889755
0.899499
0.928768
0.903693
0.898894
0.895592
0.886044
0.897785
0.851555
0.919131
0.891944
0.920994
0.88846
0.897133
0.897895
0.880697
0.893568
0.902993
0.904343
0.897359
0.901204
0.876259
0.900499
0.886687
0.874718
0.878146
0.890961
0.816554
0.923453
0.884905
0.863036
0.888295
0.902774
0.879737
0.881348
0.894089
0.903983
0.886773
0.897189
0.882061
0.924531
0.731189
0.89344
0.444444
0.88687
0.894881
0.907689
0.890391
0.884465
0.884826
0.902726
0.907015
0.894405
0.901441
0.913281
0.883356
0.887925
0.871275
0.886038
0.88499
0.886057
0.837618
0.879486
0.883787
0.888592
0.882313
0.890164
0.879288
0.883948
0.89338
0.867246
0.889891
0.924414
0.904101
0.895535
0.917657
0.905621
0.888813
0.88143
0.902154
0.910574
0.89509
0.663186
0.876401
0.904157
