0.673912
0.388685
0.196841
0.34546
0.306592
0.039244
0.589808
0.22445
0.298045
0.07546
0.287313
0.105959
0.290565
0.041447
0.198564
0.409388
0.359747
0.188555
0.226378
0.134829
0.57154
0.468162
0.360523
0.162894
0.187374
0.502217
0.268664
0.447347
0.277929
0.291754
0.566619
0.322087
0.579321
0.568913
0.202784
0.200055
0.393719
0.117306
0.34084
0.255264
0.317714
0.477072
0.116876
0.175524
0.303934
0.080058
0.058701
0.491231
0.260132
0.199571
0.665507
0.352482
0.277509
0.409402
0.274523
0.140427
0.025973
0.379443
0.040047
0.37205
0.505982
0.446356
0.140888
0.433176
0.232248
0.375902
0.61998
0.4728
0.566641
0.258121
0.202597
0.552896
0.128896
0.490542
0.575745
0.076457
0.05446
0.401957
0.226619
0.343214
0.474207
0.425318
0.112137
0.469711
0.276644
0.092682
0.44348
0.030597
0.375218
0.53224
0.428666
0.141483
0.527995
0.139432
0.349032
0.441702
0.265462
0.025512
0.135733
0.407296
