0.849812
0.955403
0.963801
0.771253
0.943174
0.934718
0.875744
0.941319
0.923128
0.942972
0.826082
0.942759
0.92993
0.93033
0.938469
0.863408
0.847834
0.962472
0.970337
0.958628
0.876875
0.961478
0.968015
0.935795
0.922888
0.967818
0.962441
0.930517
0.766941
0.909387
0.968043
0.950673
0.916721
0.939652
0.913472
0.982871
0.89952
0.628962
0.9453
0.895952
0.947425
0.92032
0.91836
0.981001
0.919787
0.945307
0.929945
0.809311
0.957228
0.950327
0.704488
0.965526
0.937135
0.970571
0.933192
0.774598
0.908309
0.944284
0.964821
0.817984
0.949216
0.926967
0.974545
0.959327
0.940477
0.925164
0.939305
0.811788
0.928892
0.938336
0.94623
0.862141
0.961448
0.873612
0.808878
0.978089
0.986422
0.800496
0.894738
0.954555
0.970289
0.921022
0.947395
0.965186
0.911561
0.908017
0.925571
0.95076
0.909638
0.980628
0.953674
0.859187
0.903751
0.726004
0.840914
0.889052
0.97071
0.876869
0.923951
0.950489
