0.67442
0.701542
0.677821
0.691944
0.701786
0.702249
0.706827
0.713268
0.709872
0.70978
0.697543
0.680248
0.706391
0.687925
0.674665
0.694208
0.69194
0.695756
0.69068
0.690624
0.691642
0.697833
0.678416
0.694609
0.716127
0.713429
0.688435
0.771812
0.669844
0.686611
0.688428
0.700919
0.690078
0.57835
0.693577
0.702597
0.707761
0.690249
0.695261
0.684939
0.701141
0.687592
0.686208
0.657501
0.701651
0.699039
0.686716
0.664456
0.689935
0.707987
0.708555
0.703559
0.6601
0.699864
0.708781
0.664523
0.686249
0.708123
0.699979
0.701761
0.70166
0.702033
0.701207
0.694199
0.72135
0.684584
0.707794
0.700935
0.707994
0.684053
0.711182
0.579228
0.697452
0.695854
0.708908
0.679238
0.703728
0.695212
0.664394
0.678819
0.706026
0.692627
0.672139
0.706181
0.693171
0.703159
0.709636
0.697145
0.693741
0.677679
0.693749
0.688886
0.703277
0.689698
0.694993
0.67775
0.710798
0.672494
0.655313
0.70063
