0.67901
0.715777
0.704171
0.698905
0.712823
0.706818
0.720647
0.717176
0.72621
0.713824
0.7031
0.699902
0.720999
0.692625
0.681285
0.709789
0.697468
0.711831
0.696919
0.695644
0.705932
0.714944
0.681915
0.708677
0.721369
0.723507
0.705583
0.776388
0.673242
0.691665
0.694795
0.707192
0.69497
0.582539
0.708457
0.712168
0.718717
0.698992
0.707152
0.692525
0.707013
0.691499
0.692986
0.662497
0.706043
0.70669
0.710489
0.670084
0.7106
0.719057
0.71363
0.716015
0.6601
0.709859
0.713232
0.668259
0.70346
0.719934
0.711435
0.71797
0.706236
0.707618
0.706163
0.698701
0.725628
0.692201
0.711566
0.726683
0.714231
0.691234
0.724619
0.583193
0.703124
0.706925
0.715607
0.692442
0.71022
0.700884
0.669338
0.684808
0.716877
0.69736
0.678056
0.713403
0.699329
0.714649
0.720808
0.706729
0.704269
0.684958
0.70555
0.697307
0.721921
0.705556
0.701434
0.697083
0.714868
0.6773
0.659155
0.714776
