0.67442
0.701314
0.687798
0.692424
0.708387
0.702249
0.706827
0.713268
0.709872
0.710194
0.696861
0.687402
0.715691
0.687925
0.674665
0.699622
0.69194
0.695756
0.69068
0.690624
0.701187
0.698373
0.678416
0.704437
0.716127
0.713429
0.69464
0.771812
0.669844
0.686611
0.688428
0.700919
0.690078
0.57835
0.693577
0.707735
0.707761
0.690249
0.703514
0.685752
0.701141
0.687592
0.686208
0.657501
0.701651
0.699039
0.706521
0.664456
0.705499
0.707987
0.708555
0.703559
0.6601
0.699864
0.708781
0.664523
0.68887
0.714412
0.699979
0.707656
0.701548
0.702606
0.701207
0.69428
0.72135
0.684584
0.707794
0.721562
0.707994
0.684053
0.711182
0.579228
0.697216
0.695854
0.708908
0.687851
0.703728
0.695212
0.664394
0.678819
0.706026
0.692627
0.672139
0.706181
0.693171
0.709562
0.709636
0.702268
0.694372
0.677679
0.693749
0.688886
0.717194
0.689698
0.694993
0.693394
0.71084
0.671713
0.655313
0.70871
