0.079928
0.421593
0.330916
0.390824
0.64407
0.195507
0.481931
0.263474
0.297933
0.111428
0.711403
0.594047
0.510041
0.11315
0.037805
0.957368
0.402784
0.985637
0.019599
0.109347
0.403628
0.889011
0.024412
0.340337
0.120113
1.05252
0.860366
0.014979
0.051246
0.064649
0.099481
0.063454
0.048117
0.006486
0.425601
0.972562
0.975324
0.09059
0.538654
0.309987
0.300188
0.105554
0.045267
0.035129
0.511759
0.211828
0.134311
0.033157
0.171517
0.837832
0.395304
0.597428
0.005618
1.01473
0.100398
0.024376
0.309085
0.86862
0.777166
0.942068
0.340528
0.160968
0.358416
0.279957
0.275875
0.235579
0.110836
0.113934
0.417863
0.294176
0.525548
0.018996
0.57568
0.901167
0.211547
0.416787
0.501524
0.420455
0.098195
0.076388
0.894141
0.31088
0.046525
0.239082
0.238954
0.799315
0.718303
0.948764
0.886503
0.081074
0.661817
0.101144
0.213127
0.352519
0.521482
0.242142
0.238932
0.159646
0.058021
0.468142
