1.43009
7.25883
5.64078
6.74256
11.5619
3.26785
8.64522
4.40793
5.14565
1.93772
12.7581
10.4795
8.88725
1.92208
0.872821
17.5033
6.77146
17.8427
0.624056
1.87371
6.85609
16.075
0.68533
6.00712
1.15223
17.5626
15.3485
0.567127
1.05201
1.21173
1.71318
1.19892
1.00714
0.459054
7.12852
17.4793
17.579
1.57952
8.4406
4.07266
5.2392
1.90093
0.977066
0.840089
9.03383
3.52084
2.27793
0.806643
2.8611
15.2679
6.75025
10.5734
0.451758
18.2108
1.74136
0.691617
5.26114
15.9775
14.0434
17.3096
4.77912
1.64708
4.8232
3.47092
4.61569
3.99879
1.89589
1.98229
7.23747
4.8926
9.05577
0.618505
10.2836
16.1508
3.58018
7.2588
8.6248
7.21275
1.77124
1.37431
16.1108
5.43694
0.986957
3.98015
3.98919
14.5075
12.7746
17.4001
17.1993
1.51028
11.6733
1.74192
3.64163
5.94259
9.04412
2.81916
2.7709
2.6792
1.13125
8.41966
