0.078841
0.419291
0.32732
0.389487
0.641025
0.195612
0.479221
0.333447
0.370967
0.111107
0.71087
0.590826
0.50956
0.112222
0.037471
0.953317
0.400865
1.05453
0.050879
0.150302
0.402397
0.884079
0.024195
0.337587
0.059622
0.969177
0.849203
0.014908
0.05118
0.063728
0.098983
0.063132
0.047769
0.00643
0.420472
1.036
1.04468
0.151714
0.556096
0.233896
0.298073
0.105213
0.044718
0.034642
0.511899
0.210362
0.133757
0.0329
0.170498
0.836574
0.467466
0.664024
0.005682
1.01149
0.099927
0.024298
0.30101
0.864541
0.773807
0.938215
0.265538
0.159352
0.353378
0.204085
0.275988
0.234738
0.110079
0.112924
0.416116
0.293977
0.523328
0.019063
0.581362
0.97045
0.275981
0.414157
0.499281
0.417922
0.09829
0.075596
0.891464
0.309197
0.045527
0.237182
0.23719
0.796483
0.715182
0.942001
0.883985
0.080142
0.658801
0.099865
0.211049
0.351491
0.778599
0.238488
0.1656
0.158455
0.057625
0.46472
