0.000218
0.000898
0.000685
0.000862
0.001256
0.000458
0.000926
0.000529
0.000586
0.000274
0.001292
0.001115
0.000985
0.000286
0.000152
0.003776
0.001815
0.003039
0.000163
0.000362
0.001865
0.003508
0.000181
0.001366
0.000397
0.002421
0.002693
0.00015
0.000234
0.000309
0.000341
0.000248
0.000182
7.4e-05
0.001074
0.002143
0.002044
0.000286
0.001423
0.000729
0.000818
0.000347
0.000189
0.000178
0.001258
0.000549
0.000386
0.000126
0.000446
0.001652
0.000906
0.00118
7.2e-05
0.002054
0.000273
0.000114
0.000705
0.001707
0.001448
0.003722
0.000541
0.000417
0.000651
0.000502
0.000619
0.000516
0.000296
0.0006
0.001874
0.001345
0.002021
0.000163
0.001961
0.001756
0.000582
0.00105
0.00118
0.001001
0.00028
0.000237
0.001644
0.000939
0.000193
0.000685
0.000542
0.001664
0.001353
0.001731
0.001646
0.000244
0.001383
0.000283
0.000522
0.000707
0.000996
0.000446
0.000401
0.000376
0.000181
0.000924
