0.000236
0.000949
0.000669
0.000703
0.000834
0.000314
0.000678
0.000392
0.000442
0.000205
0.000926
0.001054
0.000939
0.000264
0.000128
0.001491
0.000729
0.001509
7.7e-05
0.000218
0.000703
0.001332
8.4e-05
0.00058
0.000161
0.001379
0.001247
6.6e-05
0.000125
0.000157
0.000202
0.000142
0.000116
4.8e-05
0.000623
0.001248
0.001232
0.000179
0.000705
0.000362
0.000481
0.000215
0.000113
9.9e-05
0.000734
0.000349
0.000256
8.5e-05
0.000298
0.001084
0.000597
0.000832
4.5e-05
0.001318
0.000182
6.9e-05
0.000453
0.002372
0.001019
0.001242
0.000411
0.000179
0.000428
0.000335
0.000418
0.0004
0.000196
0.000213
0.00102
0.000722
0.00125
0.000119
0.001243
0.001266
0.000523
0.000632
0.000742
0.000633
0.000189
0.000156
0.001163
0.000456
0.000106
0.000541
0.000473
0.001324
0.001005
0.001213
0.001162
0.000162
0.001096
0.000192
0.000348
0.000508
0.000742
0.000299
0.000289
0.000287
0.00014
0.00068
