0.080497
0.422683
0.330712
0.391349
0.644929
0.195986
0.55417
0.339352
0.29772
0.111595
0.716036
0.594043
0.513193
0.113003
0.037787
0.959916
0.402147
0.988678
0.019803
0.112017
0.403011
0.890936
0.024425
0.3416
0.060087
1.09229
0.856214
0.014998
0.050893
0.064302
0.102919
0.109416
0.05454
0.006754
0.422865
0.966057
0.972749
0.089874
0.481147
0.23567
0.300264
0.105574
0.045235
0.034902
0.51123
0.284073
0.20749
0.033201
0.174279
0.838324
0.398118
0.597803
0.005625
1.04055
0.103007
0.024466
0.302324
0.870981
0.777278
0.94508
0.269464
0.091937
0.281975
0.205838
0.280652
0.308938
0.182552
0.187369
0.491392
0.292955
0.525823
0.019001
0.578767
0.900719
0.212402
0.416755
0.501537
0.420233
0.098208
0.076194
0.894636
0.384541
0.098986
0.258302
0.245967
0.801873
0.718983
0.952334
0.89255
0.0807
0.667267
0.100594
0.212459
0.35493
0.521459
0.169364
0.166928
0.166419
0.117343
0.540328
