0.058602
0.186935
0.164812
0.179469
0.250818
0.114291
0.207499
0.14087
0.155786
0.074596
0.25901
0.239216
0.216859
0.07641
0.031902
0.320208
0.186026
0.321601
0.018051
0.075479
0.18976
0.367003
0.054833
0.206019
0.046965
0.319356
0.371426
0.014213
0.041017
0.049769
0.069451
0.049051
0.086521
0.018656
0.252275
0.319889
0.318946
0.064308
0.210427
0.131938
0.152673
0.073235
0.036974
0.029919
0.216144
0.121089
0.089316
0.028558
0.106961
0.354744
0.183058
0.237967
0.005499
0.326817
0.070174
0.021878
0.156179
0.300101
0.279147
0.314441
0.138918
0.064323
0.146922
0.115617
0.145615
0.203261
0.140219
0.089228
0.189878
0.150541
0.220136
0.017401
0.234175
0.304961
0.12124
0.192846
0.213752
0.215809
0.132004
0.068428
0.304534
0.156956
0.037473
0.131014
0.13124
0.288893
0.338394
0.391358
0.296364
0.059418
0.25233
0.069952
0.125578
0.17112
0.217809
0.105365
0.101347
0.098301
0.04559
0.206166
