0.220469
0.556979
0.236044
0.100851
0.82203
0.441347
0.380843
0.510595
0.582993
0.887647
0.201025
0.586747
0.345229
0.511777
0.497442
0.523688
0.38511
0.351953
0.807927
0.678654
0.37531
0.709856
0.820146
0.399816
0.5247
0.71936
0.215286
0.749264
0.089281
0.435126
0.691696
0.193515
0.287032
0.650702
0.386061
0.56395
0.331978
0.026658
0.208665
0.716637
0.269435
0.802714
0.753696
0.814289
0.496153
0.486075
0.523639
0.06535
0.669951
0.327772
0.072623
0.538549
0.350847
0.482527
0.868544
0.025907
0.512738
0.819958
0.626355
0.137181
0.324679
0.79697
0.272249
0.647989
0.680105
0.392561
0.545797
0.055705
0.374588
0.263819
0.575556
0.030159
0.588305
0.499349
0.240757
0.721099
0.649166
0.298755
0.247195
0.643496
0.635541
0.318567
0.426469
0.316962
0.760771
0.547565
0.191191
0.530695
0.416416
0.823105
0.765686
0.420776
0.055582
0.031446
0.214263
0.559283
0.693728
0.533821
0.169802
0.781885
