0.613881
0.322394
0.12037
0.264156
0.223566
0.012242
0.598719
0.145116
0.285116
0.08108
0.223979
0.053762
0.209442
0.016172
0.122694
0.252937
0.239533
0.061174
0.144482
0.075618
0.462706
0.324909
0.292086
0.092459
0.115962
0.418407
0.191015
0.390779
0.200351
0.20628
0.569145
0.242237
0.586695
0.580957
0.120766
0.120628
0.32204
0.120008
0.33439
0.168064
0.234297
0.44296
0.025095
0.095289
0.222043
0.038386
0.025625
0.44842
0.175243
0.121771
0.614908
0.232274
0.189113
0.342052
0.187169
0.07794
0.008795
0.305064
0.002581
0.34907
0.533558
0.396314
0.07752
0.368482
0.152692
0.299151
0.378032
0.428638
0.571936
0.170734
0.121754
0.533228
0.068221
0.459593
0.653957
0.067599
0.035065
0.342742
0.224264
0.261836
0.426644
0.360238
0.038329
0.418228
0.123587
0.046045
0.39591
0.010119
0.213272
0.514137
0.358123
0.0782
0.51039
0.139023
0.269871
0.388601
0.175234
0.008594
0.03565
0.326952
