0.955168
0.724485
0.919131
0.95645
0.962352
0.945192
0.740205
0.927393
0.883805
0.975134
0.957777
0.940017
0.94744
0.926175
0.902384
0.980319
0.910759
0.64814
0.939151
0.957112
0.932108
0.948918
0.966766
0.713878
0.897696
0.926753
0.972549
0.922459
0.973303
0.962006
0.93499
0.896319
0.945366
0.795746
0.920565
0.957465
0.939695
0.925506
0.94611
0.909622
0.963754
0.933941
0.957533
0.92182
0.770526
0.916242
0.878024
0.948356
0.976016
0.860687
0.927235
0.917012
0.92528
0.921047
0.96995
0.956543
0.969361
0.939016
0.961746
0.89835
0.88691
0.971361
0.928488
0.946429
0.958525
0.978043
0.948214
0.945041
0.948803
0.954677
0.898636
0.96779
0.90611
0.854768
0.904286
0.968955
0.969114
0.936523
0.960705
0.908726
0.946725
0.531624
0.951229
0.960045
0.916285
0.957627
0.946143
0.957676
0.939854
0.767076
0.936498
0.938018
0.87723
0.985589
0.966689
0.96632
0.952137
0.928733
0.918172
0.922119
