0.958219
0.728373
0.927825
0.957012
0.974969
0.959651
0.748437
0.934616
0.895082
0.976562
0.972225
0.957294
0.968778
0.931314
0.946587
0.981659
0.917033
0.65995
0.94423
0.95932
0.934369
0.952554
0.969426
0.717974
0.90547
0.931051
0.991525
0.924124
0.984878
0.964853
0.962228
0.89637
0.947438
0.812138
0.925686
0.960897
0.942448
0.935667
0.950046
0.91732
0.96709
0.937511
0.978401
0.964289
0.78251
0.927853
0.890511
0.969373
0.976584
0.87138
0.932559
0.924361
0.930939
0.927766
0.972312
0.96034
0.979755
0.941586
0.976457
0.902736
0.896448
0.973018
0.9331
0.949016
0.972548
0.986676
0.952011
0.971883
0.950987
0.96104
0.906774
0.979517
0.910439
0.861681
0.911721
0.970805
0.970944
0.956593
0.97606
0.920237
0.966058
0.538914
0.954114
0.980236
0.92619
0.969242
0.952472
0.959987
0.942596
0.774038
0.940509
0.95521
0.887733
0.985937
0.976441
0.978706
0.967584
0.956182
0.923469
0.931226
