0.762676
0.726307
0.742157
0.835454
0.782494
0.793371
0.740205
0.751642
0.774838
0.771791
0.779087
0.796755
0.779905
0.774671
0.792893
0.778121
0.754463
0.655433
0.812111
0.773646
0.816577
0.777126
0.76652
0.713878
0.745357
0.786758
0.780823
0.809402
0.78698
0.760554
0.783743
0.896541
0.777576
0.799719
0.803545
0.768993
0.764016
0.751201
0.772295
0.770078
0.783054
0.800887
0.775279
0.834472
0.773458
0.751486
0.878985
0.77237
0.778114
0.799132
0.778785
0.758181
0.778265
0.764296
0.771991
0.773392
0.781261
0.799305
0.800002
0.828099
0.769802
0.767855
0.763833
0.788252
0.781826
0.777597
0.789371
0.810794
0.766833
0.758665
0.769625
0.798145
0.753601
0.763582
0.79526
0.786468
0.790475
0.801661
0.790811
0.782221
0.795108
0.531624
0.793757
0.77229
0.765215
0.780077
0.777252
0.7682
0.776274
0.768494
0.761113
0.796002
0.756156
0.78013
0.772922
0.774714
0.768948
0.801161
0.777358
0.764942
