0.002658
9.1e-05
0.00246
0.000178
0.001672
0.001787
9.3e-05
0.002185
0.000647
0.002164
0.000654
0.000655
0.000546
0.001545
0.000259
0.001716
0.002563
7.4e-05
0.000304
0.001133
0.000246
0.001752
0.001376
7.2e-05
0.000973
0.000249
0.001833
0.000223
0.00135
0.002194
0.001116
5.2e-05
0.000654
0.00012
0.000249
0.002309
0.000496
0.001892
0.00151
0.000557
0.000394
0.000477
0.000503
0.000184
7.1e-05
0.001199
0.000112
0.001652
0.001251
0.000118
0.000142
0.000727
0.000636
0.000846
0.002762
0.001862
0.003096
0.000662
0.001329
0.000361
0.001913
0.003133
0.001544
0.000434
0.001166
0.003231
0.00074
0.00092
0.001976
0.004174
0.000534
0.002482
0.000149
0.000955
0.000456
0.001237
0.002053
0.001018
0.001496
0.001448
0.001022
0.000114
0.002046
0.003483
0.002432
0.002542
0.002027
0.002155
0.001941
0.000108
0.00153
0.000958
0.001137
0.001869
0.00206
0.001516
0.00144
0.000499
0.000473
0.00269
