1.1936
0.012858
1.18248
0.054278
0.774993
0.873659
0.015869
1.19277
0.256408
1.20601
0.381672
0.374295
0.269476
0.851045
0.08767
0.844507
1.22824
0.012521
0.112456
0.603392
0.112799
1.06501
0.816676
0.014043
0.528919
0.116142
0.990039
0.081031
0.754536
1.25823
0.633185
0.019913
0.415998
0.040126
0.115073
1.28927
0.238277
1.20818
0.898134
0.298704
0.209289
0.258835
0.274183
0.082136
0.017265
0.714641
0.037462
1.05902
0.835886
0.043584
0.062999
0.419359
0.46239
0.563432
0.663276
0.419465
0.847755
0.160028
0.348833
0.079231
0.555327
1.01497
0.480287
0.111759
0.375157
1.15277
0.153323
0.184344
0.450589
1.22252
0.197329
0.715934
0.019602
0.293701
0.117922
0.404205
0.666582
0.314691
0.460038
0.427602
0.32271
0.020098
0.516446
0.972156
0.634478
0.771331
0.587233
0.697923
0.63881
0.011788
0.546548
0.365248
0.401181
0.835334
0.980489
0.644033
0.575502
0.176282
0.158542
1.20287
