17.6726
0.537422
17.1877
1.10915
11.0507
12.8227
0.585378
17.6123
3.62697
17.8118
4.73656
4.81772
3.85806
12.5586
1.46085
12.1496
18.4959
0.529948
1.75245
8.87807
1.7901
15.7084
11.5768
0.560063
7.62702
1.8779
14.2743
1.35966
10.8813
18.351
8.29051
0.463308
5.20883
0.866064
1.79692
19.1105
3.3159
17.9173
13.1339
4.30194
2.98269
3.75411
3.85284
1.35441
0.590415
10.2048
0.838096
15.3761
12.0495
0.914344
1.122
5.99235
5.58993
6.93745
9.21932
6.07727
12.1633
2.32782
4.95772
1.35498
8.00502
14.8197
6.76309
1.7347
5.32819
16.8461
2.24956
2.72169
6.4824
17.881
1.94079
9.40105
0.617628
4.33135
1.84873
5.73714
9.6315
4.42054
6.51598
6.15321
4.60684
0.473663
6.7084
14.162
9.01712
11.1739
8.3401
10.0232
9.27255
0.5184
7.69909
5.19024
5.78083
10.9003
13.4761
9.1643
8.12156
2.53169
2.3154
17.8905
