0.818978
0.033368
0.803809
0.106079
0.63556
0.73024
0.083499
0.835745
0.317257
0.822973
0.370621
0.382737
0.331893
0.673427
0.153797
0.669731
0.835296
0.031765
0.186515
0.551324
0.19081
0.772052
0.652773
0.035823
0.508992
0.222475
0.734257
0.147067
0.707219
0.839245
0.538499
0.022202
0.470457
0.152079
0.194848
0.858872
0.301821
0.822495
0.69847
0.356279
0.279414
0.323942
0.332116
0.14321
0.041345
0.599975
0.07818
0.756749
0.662312
0.089094
0.113839
0.438495
0.418922
0.482691
0.576365
0.438435
0.672908
0.236859
0.390012
0.146459
0.525674
0.741754
0.475323
0.186216
0.405805
0.79959
0.222589
0.258913
0.458437
0.819549
0.274007
0.745512
0.045449
0.357458
0.196513
0.428369
0.593676
0.367037
0.465738
0.447433
0.374077
0.018867
0.531628
0.774291
0.566549
0.643891
0.538714
0.604817
0.577386
0.030598
0.505608
0.408334
0.428272
0.6336
0.70682
0.570306
0.571809
0.252362
0.233525
0.825415
