0.00201
8.4e-05
0.001938
0.000167
0.001446
0.001551
9.4e-05
0.001869
0.000492
0.001801
0.000612
0.000705
0.00048
0.001369
0.000222
0.001254
0.001808
6.5e-05
0.000237
0.00093
0.000248
0.001503
0.001172
7.9e-05
0.000648
0.00018
0.001047
0.000149
0.000865
0.001625
0.00068
4.1e-05
0.000437
8.8e-05
0.00022
0.001755
0.000398
0.0015
0.001209
0.000497
0.00034
0.000412
0.000424
0.000192
9.1e-05
0.000834
8.8e-05
0.001137
0.000923
0.000104
0.000117
0.000547
0.00057
0.000699
0.000881
0.000628
0.00109
0.000298
0.000482
0.000165
0.000747
0.002113
0.000604
0.000199
0.000477
0.001205
0.000221
0.000285
0.000581
0.001258
0.00022
0.000788
7.8e-05
0.000408
0.000191
0.000487
0.000948
0.000452
0.000647
0.000613
0.000457
5.3e-05
0.001037
0.003067
0.000821
0.001043
0.000807
0.000936
0.000907
6.4e-05
0.000742
0.000508
0.000585
0.000948
0.001112
0.00086
0.000737
0.000297
0.000289
0.003838
