0.879351
0.880842
0.861185
0.876448
0.867664
0.427828
0.889343
0.866011
0.891143
0.850708
0.883824
0.867062
0.877414
0.889375
0.8823
0.874175
0.880662
0.86002
0.868214
0.844688
0.896343
0.886809
0.876792
0.862305
0.87745
0.877956
0.887242
0.87737
0.875184
0.872344
0.884296
0.877869
0.889774
0.891059
0.864696
0.86051
0.900825
0.854184
0.887242
0.881853
0.881052
0.875577
0.823921
0.873379
0.88468
0.862809
0.79103
0.875986
0.85602
0.878263
0.88179
0.879243
0.887896
0.878266
0.882452
0.865023
0.67855
0.875545
0.444444
0.889596
0.897032
0.891543
0.890709
0.885018
0.862294
0.882228
0.871624
0.878172
0.888117
0.880869
0.877026
0.873832
0.870281
0.875745
0.899582
0.886106
0.838933
0.884123
0.860717
0.889312
0.882779
0.878211
0.880097
0.870847
0.866977
0.865225
0.876899
0.924175
0.877845
0.884193
0.899074
0.854565
0.877607
0.881249
0.880914
0.879157
0.870772
0.692519
0.87741
0.868338
