0.000441
0.000179
0.000539
0.000357
9.1e-05
0.000186
0.000822
4.1e-05
0.000702
0.000769
0.000107
0.000452
0.00044
0.000141
5e-05
0.000711
9.7e-05
6.2e-05
0.000392
0.00072
0.000324
0.000463
0.000367
0.000259
0.00014
0.000228
0.000415
5.9e-05
0.000356
0.000125
0.000181
0.000312
0.000603
0.000472
0.000318
0.000289
0.000359
0.00055
0.00065
0.000191
0.000144
0.000542
7.5e-05
0.000425
0.000646
0.000429
0.000526
0.000328
0.000704
0.000198
0.000198
0.000157
0.000249
0.000628
0.000735
0.000652
4.9e-05
5.8e-05
0.000543
0.000788
0.00108
0.000257
0.000418
0.00071
0.000373
0.000411
0.000191
0.00042
0.000676
0.000102
0.000387
0.000277
0.000289
0.000714
4e-05
0.000457
0.000646
0.000761
0.000779
0.000295
0.000814
0.000443
0.000832
5.9e-05
0.000329
0.000234
3.6e-05
0.000465
0.000781
0.000139
0.000403
0.000299
0.00052
0.000158
0.000402
8.7e-05
0.000563
0.000353
0.000612
4.1e-05
