0.950991
0.989829
0.673996
0.931624
0.988658
0.990349
0.987493
0.977383
0.989234
0.975311
0.982993
0.991472
0.0064
0.934764
0.626022
0.996026
0.982798
0.989463
0.989764
0.991523
0.984414
0.989953
0.972939
0.989917
0.99155
0.977618
0.985145
0.997003
0.599163
0.977748
0.984776
0.955127
0.990835
0.930247
0.988769
0.822044
0.99424
0.978779
0.988088
0.988188
0.993978
0.95085
0.992892
0.991906
0.989584
0.993043
0.967384
0.988547
0.994621
0.992162
0.994191
0.991017
0.993432
0.991859
0.992145
0.973724
0.980392
0.989521
0.989569
0.990326
0.924682
0.976147
0.985003
0.879833
0.972469
0.983809
0.996437
0.981593
0.812333
0.985744
0.989196
0.97117
0.990479
0.98151
0.99141
0.990223
0.9901
0.992384
0.993835
0.996884
0.982145
0.996156
0.992417
0.990908
0.96727
0.972113
0.995386
0.993542
0.985625
0.986563
0.995926
0.995745
0.99191
0.991439
0.990177
0.985182
0.981985
0.990335
0.988843
0.947254
