0.000334
0.001675
0.000123
0.000299
0.000672
0.001218
0.000555
0.000304
0.000786
0.000344
0.000247
0.002185
6.9e-05
0.000196
7.1e-05
0.000917
0.000526
0.001191
0.001033
0.001868
0.000722
0.000499
0.000494
0.002627
0.001191
0.000761
0.000735
0.002944
9e-05
0.000455
0.001117
0.000276
0.001936
0.000232
0.000958
7.5e-05
0.001355
0.000572
0.00098
0.001053
0.002356
0.000226
0.002141
0.001924
0.00154
0.001959
0.000648
0.001743
0.002631
0.002591
0.001381
0.001409
0.001731
0.002326
0.001352
0.000331
0.000245
0.00132
0.000548
0.000903
0.000133
0.000398
0.000462
9.2e-05
0.000332
0.000682
0.001752
0.000448
7.5e-05
0.000427
0.000878
0.000308
0.001061
0.000639
0.001443
0.001255
0.001476
0.001668
0.000827
0.001842
0.000386
0.002073
0.001912
0.000971
0.000227
0.000312
0.001393
0.000388
0.000655
0.000908
0.001514
0.001237
0.002431
0.002163
0.000745
0.000869
0.000798
0.001147
0.001708
0.000169
