0.339027
0.355546
0.342167
0.351272
0.357667
0.346818
0.3559
0.34385
0.349568
0.349466
0.357895
0.346661
0.351963
0.350559
0.350628
0.352044
0.344718
0.354055
0.359503
0.342441
0.349475
0.353773
0.354652
0.348646
0.340308
0.346956
0.35817
0.350222
0.348016
0.349909
0.350978
0.350431
0.35462
0.346953
0.34877
0.350839
0.341522
0.349777
0.360044
0.349818
0.344355
0.336011
0.347393
0.35319
0.346664
0.343344
0.349198
0.345751
0.355007
0.345643
0.346367
0.343684
0.34819
0.350144
0.353057
0.346581
0.323415
0.353467
0.349186
0.350663
0.343773
0.347786
0.350965
0.349524
0.341404
0.35313
0.35193
0.348932
0.343287
0.345901
0.347332
0.337593
0.345393
0.34877
0.340136
0.343958
0.343671
0.349137
0.350212
0.345354
0.33839
0.349705
0.329999
0.348518
0.343059
0.354929
0.345272
0.340696
0.340723
0.351282
0.349072
0.352276
0.335722
0.345047
0.343611
0.341704
0.348642
0.340008
0.34942
0.339807
