0.121118
0.226987
1.61825
0.110093
0.069178
1.53913
0.184667
0.703331
0.737307
1.02517
0.511459
1.36104
0.71188
1.15102
0.606587
0.037601
1.46196
0.679401
0.058375
0.367021
0.266661
0.716033
0.06538
0.361544
0.684936
0.912696
0.455331
1.08842
1.60501
0.234033
0.139396
1.13866
0.184973
1.07134
1.2017
0.936528
1.48549
0.22465
0.002842
0.221987
0.191805
0.171399
0.401249
0.350416
1.51085
0.074172
0.7171
0.392323
0.126328
0.153489
1.35455
1.61352
1.38405
0.570553
0.829939
0.541704
0.136122
0.866149
0.459293
0.357818
0.278602
0.879354
0.615189
1.0145
0.024193
0.344442
0.032213
0.7623
1.34011
1.66836
1.60186
0.011893
0.586318
1.42481
0.038187
0.901909
0.500341
1.00571
0.373063
0.112264
0.045084
0.816166
0.025675
0.845982
1.08132
0.10042
1.40365
0.19654
0.10783
1.90644
0.498128
0.473321
0.082392
0.473637
1.47004
0.25713
1.29765
0.500416
1.12796
0.033501
