1.81728
3.29861
27.6092
1.87637
1.31411
26.4798
3.0122
12.4835
12.6662
18.0555
8.89553
23.7409
12.2724
20.5629
10.3072
0.561882
24.3317
11.6512
1.15536
6.00582
4.45378
12.511
1.26622
5.98867
9.59878
16.0272
7.56049
19.3181
26.9038
3.81433
2.30251
19.8365
2.99656
18.853
21.1242
16.191
25.6062
3.62229
0.407882
3.61863
3.08083
1.73298
5.47763
5.80128
26.0787
1.37068
12.3057
6.50939
2.1138
2.52917
23.2919
27.3174
24.0154
9.89394
14.4266
7.84693
1.36039
14.5537
7.57882
5.91658
4.58588
15.2006
10.3993
17.7157
0.693954
5.69735
0.791846
13.0964
23.3803
28.0425
26.9231
0.607995
9.90067
24.8839
0.890432
15.4336
8.42392
17.4991
6.10815
1.30567
0.618833
13.5868
0.895675
14.7403
19.1013
1.73713
24.4344
3.13922
1.82544
29.367
8.33405
7.87671
1.50015
8.05052
24.138
2.99432
22.6819
8.37488
19.9408
0.880319
