0.17723
0.207479
1.62404
0.109608
0.069117
1.55052
0.184499
0.704464
0.737546
1.02865
0.5843
1.43202
0.710198
1.15175
0.604445
0.013702
1.39949
0.679043
0.057683
0.365091
0.265609
0.71038
0.065454
0.360066
0.571621
0.909938
0.453439
1.16153
1.68607
0.233177
0.139039
1.12792
0.184625
1.0711
1.20504
0.93473
1.48341
0.222074
0.00286
0.223909
0.252427
0.121372
0.332441
0.348946
1.58181
0.138961
0.729025
0.391857
0.129428
0.154226
1.35682
1.62138
1.38579
0.573407
0.828583
0.469607
0.071097
0.850868
0.460405
0.430776
0.35214
0.875599
0.61209
1.00876
0.024196
0.34354
0.032383
0.76145
1.3409
1.66836
1.56603
0.011915
0.588426
1.42721
0.038042
0.897676
0.502587
0.997831
0.364845
0.068712
0.018037
0.776672
0.025234
0.849566
1.08378
0.100343
1.40927
0.196512
0.107086
1.76329
0.567904
0.547574
0.082665
0.472006
1.39352
0.184826
1.28659
0.500034
1.12384
0.032978
