0.00024
0.000422
0.002248
0.000254
0.000148
0.004419
0.000776
0.001082
0.001118
0.001344
0.000701
0.001678
0.001
0.00148
0.000883
5.6e-05
0.001909
0.001056
0.000146
0.000584
0.00062
0.001092
0.000144
0.000556
0.000792
0.001266
0.000683
0.001779
0.002119
0.000428
0.000274
0.001573
0.000316
0.001517
0.001587
0.001302
0.005227
0.001097
0.000105
0.000962
0.000847
0.000476
0.00116
0.001217
0.003843
0.000315
0.002
0.001096
0.000466
0.000499
0.004896
0.002382
0.002101
0.000926
0.001374
0.000776
0.000179
0.001382
0.000936
0.001566
0.001026
0.002656
0.002016
0.002761
0.000164
0.000977
0.000191
0.002031
0.002991
0.00355
0.003213
0.000101
0.001748
0.002696
0.000167
0.001865
0.00107
0.002
0.000843
0.000216
9.6e-05
0.001548
0.000118
0.003096
0.003604
0.000459
0.003992
0.000679
0.000349
0.003229
0.001051
0.001006
0.000284
0.000996
0.002663
0.000445
0.002377
0.000985
0.002104
0.000152
