0.945383
0.969122
0.571981
0.908993
0.951713
0.971304
0.957389
0.912738
0.961613
0.927228
0.909292
0.976511
0.0064
0.902822
0.625356
0.95858
0.951337
0.970235
0.968376
0.975294
0.958899
0.960277
0.917981
0.961428
0.965726
0.94395
0.954076
0.964581
0.515496
0.938064
0.961829
0.951385
0.961366
0.899675
0.966452
0.822044
0.962632
0.925453
0.962981
0.965309
0.969102
0.925194
0.969132
0.97366
0.971705
0.967265
0.951135
0.963661
0.968571
0.964108
0.956816
0.971525
0.965846
0.963654
0.962186
0.968074
0.917518
0.970729
0.957704
0.970098
0.897354
0.93923
0.951451
0.879408
0.960387
0.955874
0.971823
0.949687
0.971393
0.957283
0.953959
0.95327
0.971728
0.958397
0.974114
0.969496
0.973765
0.960228
0.954129
0.962329
0.94447
0.962966
0.976021
0.955558
0.961734
0.962682
0.967723
0.960461
0.959475
0.963576
0.969408
0.971932
0.967034
0.965731
0.949642
0.955232
0.946063
0.967401
0.969369
0.941026
