0.0453
0.352034
0.019669
0.107684
0.212518
0.459904
0.198609
0.060668
0.229598
0.086109
0.056271
0.679901
0.001645
0.045204
0.005919
0.366111
0.258073
0.529387
0.368225
0.757586
0.322362
0.1857
0.080551
0.568386
0.265034
0.161939
0.185421
0.815375
0.006065
0.113958
0.312178
0.052685
0.589549
0.103098
0.370669
0.002594
0.47831
0.083317
0.332229
0.305875
0.748844
0.056745
0.744569
0.6654
0.559616
0.748567
0.116461
0.414264
0.616041
0.688455
0.360173
0.473923
0.595224
0.778481
0.592009
0.169651
0.073785
0.506118
0.189454
0.357776
0.033895
0.14119
0.171243
0.01402
0.126338
0.26919
0.751162
0.242713
0.035623
0.243831
0.432948
0.126735
0.524877
0.286301
0.697964
0.572565
0.705258
0.830399
0.324124
0.741685
0.142731
0.817386
0.79354
0.422201
0.078418
0.115834
0.603051
0.23931
0.348946
0.401477
0.64842
0.272228
0.785254
0.712768
0.326491
0.196426
0.198734
0.289601
0.508723
0.04934
