0.985276
0.093941
0.772527
0.359498
0.270387
0.015239
0.164381
0.666474
0.42297
0.08616
0.722521
0.861884
0.309372
0.375167
0.618865
0.995339
0.400944
0.310834
0.521159
1.09162
0.795014
0.463113
0.984889
0.630553
0.027993
0.253326
0.085365
0.034862
0.948572
0.34345
0.339852
0.113326
0.17659
0.734789
0.655641
0.439512
0.627672
0.03479
0.358692
0.117019
0.35358
0.725622
0.519576
0.861454
0.562419
0.030202
0.119977
0.802628
0.408115
0.120105
0.832803
0.107053
0.63381
0.536357
0.275668
0.405471
0.064592
0.724159
0.352179
1.04133
0.867109
0.050211
0.306641
0.122613
1.08052
0.820663
0.504432
0.665522
0.547999
1.07791
0.13621
0.694011
0.082192
1.06557
0.901948
0.383898
0.970479
0.853796
0.910814
0.85829
0.079704
0.629693
0.35489
0.726293
0.433456
0.656983
0.402225
0.938105
0.39017
0.105302
0.555399
0.811564
0.461159
0.655774
0.548328
0.648385
0.444688
0.057895
0.358325
0.501006
