0.004712
0.000233
0.003084
0.001043
0.000678
8.3e-05
0.000338
0.001883
0.001197
0.000188
0.002081
0.00219
0.000433
0.000768
0.001693
0.003331
0.00083
0.00068
0.001142
0.003341
0.002054
0.001714
0.002831
0.001526
8.9e-05
0.000429
0.000173
9.3e-05
0.002657
0.000654
0.000646
0.0002
0.000304
0.00105
0.001575
0.000862
0.001498
9.2e-05
0.000646
0.000119
0.000437
0.001697
0.000994
0.002033
0.001162
7.9e-05
0.000158
0.001743
0.000673
0.000179
0.001826
8.7e-05
0.001222
0.000907
0.000366
0.000651
9.4e-05
0.001447
0.000523
0.002402
0.00181
7.9e-05
0.000435
0.000359
0.002559
0.001685
0.000841
0.001267
0.000889
0.002522
0.000169
0.00128
9.5e-05
0.002209
0.001776
0.000523
0.001959
0.001623
0.001798
0.001659
0.000112
0.001023
0.000468
0.001239
0.000583
0.001883
0.000555
0.001863
0.000422
0.000135
0.00081
0.001519
0.000661
0.001131
0.000821
0.001114
0.000596
8.6e-05
0.000459
0.00069
