0.003034
0.000184
0.002128
0.000733
0.00045
0.000117
0.000271
0.001522
0.000774
0.000152
0.001696
0.001913
0.000365
0.000991
0.00138
0.002506
0.000692
0.00052
0.000964
0.002681
0.001891
0.000835
0.002507
0.001352
7.8e-05
0.000354
0.000135
7.5e-05
0.002207
0.00053
0.000505
0.000149
0.000241
0.000856
0.00207
0.000801
0.001396
8.6e-05
0.00061
0.000113
0.000413
0.001617
0.000964
0.002043
0.001171
7.3e-05
0.000364
0.003119
0.001224
0.000225
0.002782
0.000116
0.001574
0.001173
0.000483
0.000837
0.000131
0.00195
0.000777
0.004024
0.00294
0.000136
0.000723
0.000227
0.003763
0.002306
0.001945
0.00176
0.001871
0.004057
0.000225
0.001856
0.000133
0.002891
0.002475
0.000691
0.002581
0.002139
0.002206
0.004369
0.000191
0.001737
0.000776
0.001986
0.000917
0.001727
0.001057
0.002316
0.00055
0.000163
0.001078
0.002139
0.000836
0.001419
0.000949
0.001166
0.000679
9.3e-05
0.000501
0.000762
