1.51267
0.045362
1.0665
0.284511
0.186148
0.004894
0.090372
0.769588
0.368998
0.040456
0.882966
1.0276
0.149624
0.305541
0.783323
1.54082
0.339734
0.230802
0.515509
1.7659
1.03538
0.423521
1.51543
0.69921
0.01109
0.167924
0.040538
0.013754
1.40622
0.266465
0.259143
0.055708
0.100488
0.565058
0.741389
0.388428
0.691812
0.013776
0.285088
0.025317
0.197014
0.891865
0.511119
1.19529
0.582521
0.011901
0.120627
1.13609
0.348014
0.060493
1.12881
0.02211
0.678559
0.555051
0.189978
0.344511
0.028495
1.00694
0.274379
1.66328
1.19154
0.020175
0.225063
0.061545
1.76775
1.0941
0.488581
0.761892
0.552563
1.76245
0.069692
0.826462
0.031951
1.55656
1.29497
0.317066
1.60255
1.18081
1.31601
1.31627
0.037084
0.700567
0.27938
0.964425
0.454192
0.754882
0.338673
1.38813
0.235889
0.050848
0.559933
1.07333
0.42316
0.745215
0.55666
0.733119
0.39837
0.025325
0.271642
0.553847
