1.51236
0.045324
0.99254
0.359581
0.184906
0.004888
0.090277
0.776811
0.367786
0.040421
0.884907
1.03236
0.149504
0.308615
0.676674
1.55124
0.339199
0.230122
0.521855
1.77227
1.03812
0.422511
1.51845
0.696225
0.010913
0.170388
0.040538
0.013729
1.48938
0.266162
0.332267
0.112663
0.118816
0.507443
0.740694
0.389042
0.692697
0.013683
0.284757
0.025632
0.247204
0.891108
0.51036
1.19599
0.626076
0.033446
0.102414
1.07587
0.352194
0.060406
1.12763
0.022216
0.678999
0.531129
0.189111
0.349635
0.028559
0.884505
0.274369
1.76016
1.26368
0.02006
0.224957
0.061136
1.76868
1.17193
0.559316
0.761955
0.626713
1.84634
0.069823
0.827252
0.031804
1.55688
1.30131
0.316902
1.47868
1.24205
1.31945
1.19613
0.036862
0.758329
0.344221
0.966215
0.384728
0.755948
0.338351
1.63333
0.235003
0.050405
0.559709
1.07693
0.425132
0.748009
0.556066
0.737469
0.397457
0.025232
0.27385
0.482764
