0.037618
0.17868
0.006632
0.09009
0.164274
0.219092
0.121307
0.047859
0.134297
0.063131
0.04721
0.335393
0.001628
0.068085
0.008911
0.201817
0.113641
0.211636
0.183156
0.284404
0.146728
0.114583
0.059609
0.243735
0.147719
0.103232
0.114297
0.304385
0.017618
0.145061
0.173565
0.043467
0.247273
0.039916
0.158578
0.002587
0.219756
0.061187
0.153616
0.166524
0.36558
0.098166
0.313932
0.344615
0.243317
0.288913
0.081565
0.197977
0.256223
0.27546
0.18107
0.221608
0.250432
0.296409
0.305254
0.13627
0.112981
0.246311
0.116388
0.180911
0.029298
0.093309
0.108845
0.013542
0.086928
0.215184
0.366112
0.107509
0.012484
0.119112
0.204195
0.086317
0.232693
0.153642
0.278582
0.243722
0.354608
0.35237
0.166585
0.295375
0.093452
0.306291
0.301317
0.20337
0.060458
0.081701
0.253349
0.105386
0.15225
0.197491
0.337571
0.214699
0.299696
0.281906
0.169794
0.119465
0.119955
0.156182
0.227467
0.040736
