0.942911
0.735819
0.912928
0.894918
0.953678
0.947341
0.750908
0.92558
0.893587
0.95308
0.939552
0.926199
0.932886
0.921236
0.905441
0.961993
0.909095
0.666996
0.905279
0.938471
0.933615
0.934784
0.948481
0.720396
0.893574
0.928528
0.956274
0.923498
0.954577
0.948973
0.948308
0.896896
0.932015
0.809203
0.922676
0.945631
0.92174
0.931706
0.924679
0.914429
0.941849
0.917269
0.939456
0.918641
0.787393
0.914179
0.882249
0.951
0.957033
0.866634
0.92913
0.91152
0.930081
0.914815
0.949696
0.944945
0.951268
0.915234
0.942442
0.899985
0.893697
0.948695
0.919942
0.912585
0.941215
0.95475
0.948823
0.924293
0.924913
0.950646
0.906348
0.948025
0.909697
0.861097
0.911134
0.941081
0.94903
0.922364
0.947789
0.913558
0.933469
0.544971
0.926582
0.95219
0.923276
0.941167
0.935956
0.938567
0.920987
0.78328
0.918129
0.93969
0.885648
0.95488
0.941411
0.956567
0.941347
0.931662
0.921845
0.928379
