1.05957
0.013061
1.06076
0.052723
0.68941
0.78203
0.015976
1.06255
0.241183
1.06527
0.300664
0.306276
0.249661
0.780012
0.084239
0.745544
1.11675
0.012558
0.106383
0.745842
0.107674
0.955075
0.795009
0.039144
0.541542
0.185725
0.927627
0.144867
0.677076
1.11068
0.526198
0.006631
0.331592
0.039468
0.109745
1.14186
0.220648
1.07784
0.814946
0.279362
0.19252
0.239355
0.255503
0.078017
0.017421
0.713606
0.077729
0.943401
0.740141
0.043174
0.059657
0.386015
0.361981
0.450337
0.594805
0.382313
0.744831
0.224438
0.318933
0.076593
0.520311
0.905803
0.441158
0.106333
0.342718
1.01113
0.139836
0.175322
0.41277
1.06818
0.120428
0.59121
0.018943
0.278696
0.112597
0.369991
0.67112
0.369795
0.417481
0.396103
0.298951
0.006739
0.414078
0.857389
0.579749
0.696765
0.607958
0.696891
0.586403
0.011601
0.478932
0.336243
0.375031
0.673145
0.816628
0.571411
0.514724
0.166101
0.148223
1.08717
