0.260388
0.246067
0.153902
0.154682
0.135803
0.003931
0.237127
0.098821
0.129244
0.030462
0.123092
0.045271
0.128913
0.033958
0.113254
0.148217
0.143181
0.049944
0.097662
0.057044
0.222744
0.174435
0.15968
0.135821
0.148981
0.187752
0.085193
0.195212
0.123938
0.128602
0.248453
0.216867
0.329615
0.251424
0.086117
0.086409
0.17315
0.049093
0.152483
0.109759
0.138625
0.28727
0.057985
0.105558
0.106089
0.030911
0.023636
0.215
0.11206
0.085196
0.260938
0.138633
0.120761
0.179284
0.118106
0.059931
0.008677
0.166922
0.002581
0.21612
0.302647
0.196865
0.060722
0.189441
0.100965
0.16427
0.193776
0.210282
0.249156
0.110312
0.086605
0.239367
0.054357
0.217891
0.251378
0.029555
0.021274
0.169275
0.097298
0.150288
0.211052
0.217555
0.078525
0.231901
0.087782
0.039562
0.197903
0.010024
0.129832
0.234253
0.184268
0.06163
0.232233
0.058286
0.151644
0.195776
0.113114
0.008554
0.074605
0.19883
