0.894352
0.931662
0.925136
0.958351
0.884867
0.946381
0.891981
0.951414
0.943001
0.976018
0.939036
0.946705
0.921029
0.95403
0.925552
0.981847
0.925091
0.908654
0.523211
0.89934
0.85846
0.953034
0.944819
0.885901
0.941151
0.938609
0.968762
0.936819
0.9174
0.96583
0.927479
0.922344
0.942895
0.945902
0.0658778
0.949421
0.910681
0.965268
0.906192
0.937724
0.941421
0.170844
0.940102
0.931278
0.945308
0.931822
0.928738
0.950729
0.982344
0.951935
0.9492
0.960329
0.944791
0.948442
0.94767
0.928834
0.938628
0.913717
0.927889
0.946888
0.936004
0.947678
0.929416
0.948958
0.957648
0.88503
0.905825
0.941264
0.928667
0.936933
0.932945
0.937944
0.899884
0.920214
0.934699
0.87583
0.950908
0.924147
0.909253
0.912616
0.972692
0.958285
0.960967
0.929668
0.953152
0.904754
0.78087
0.925291
0.951705
0.950617
0.959569
0.93043
0.919105
0.974597
0.925017
0.907025
0.854144
0.957592
0.934383
0.973974
