0.634458
0.741327
0.631121
0.749472
0.640609
0.656187
0.747623
0.642969
0.665027
0.63598
0.657113
0.658651
0.668605
0.636355
0.717625
0.643858
0.638191
0.654989
0.721509
0.652671
0.704824
0.642571
0.645059
0.719656
0.642373
0.673429
0.657187
0.694918
0.64375
0.632003
0.650302
0.896896
0.655874
0.743571
0.693314
0.635098
0.653233
0.622371
0.638955
0.65601
0.667585
0.65775
0.665007
0.718189
0.784862
0.63418
0.749657
0.640094
0.641631
0.704584
0.67165
0.639565
0.648252
0.647769
0.641742
0.657199
0.645021
0.707217
0.667634
0.694987
0.650177
0.643636
0.648067
0.679005
0.64454
0.641994
0.683229
0.67996
0.628534
0.629778
0.647952
0.680149
0.756334
0.63907
0.684348
0.660304
0.658678
0.66926
0.671726
0.65288
0.666882
0.539691
0.654725
0.640251
0.649974
0.642929
0.657641
0.652857
0.645801
0.767887
0.650702
0.658886
0.654015
0.648659
0.646126
0.647365
0.648733
0.700411
0.665845
0.644423
