0.332486
0.012158
0.32705
0.042336
0.25808
0.277961
0.014803
0.330572
0.127992
0.33679
0.151381
0.15441
0.13498
0.347238
0.121744
0.287628
0.337029
0.011618
0.072627
0.223671
0.073972
0.312642
0.266049
0.012962
0.204791
0.075379
0.302514
0.115453
0.273897
0.34321
0.217262
0.006568
0.162355
0.032269
0.074119
0.347157
0.122523
0.33505
0.282622
0.143273
0.1129
0.130011
0.135238
0.056906
0.015597
0.244502
0.073273
0.354733
0.276191
0.035143
0.078594
0.246044
0.169866
0.194386
0.23654
0.177379
0.272917
0.095624
0.159876
0.05593
0.209475
0.376774
0.259439
0.072706
0.167213
0.3295
0.091057
0.104224
0.188408
0.33682
0.079897
0.231516
0.017478
0.192124
0.127936
0.179863
0.23688
0.149356
0.189347
0.17981
0.152302
0.006568
0.18848
0.29518
0.228387
0.260336
0.218712
0.242458
0.306016
0.031161
0.255216
0.163123
0.172124
0.257172
0.286822
0.231329
0.218535
0.100662
0.155535
0.407597
