0.927257
0.725001
0.903465
0.896586
0.925596
0.937946
0.74834
0.910279
0.872438
0.930098
0.921634
0.925001
0.929271
0.904226
0.904072
0.933294
0.895419
0.656433
0.905968
0.915305
0.901928
0.913785
0.929293
0.713878
0.881044
0.89795
0.937828
0.885512
0.933967
0.92033
0.925389
0.896274
0.904613
0.807108
0.922063
0.925024
0.902103
0.908612
0.915758
0.896984
0.920195
0.90118
0.920368
0.918763
0.781542
0.903336
0.885728
0.933834
0.921079
0.868807
0.929934
0.8953
0.915624
0.900446
0.927738
0.918346
0.932584
0.914069
0.927344
0.899577
0.873261
0.930469
0.906441
0.912952
0.926698
0.932189
0.91986
0.920832
0.911385
0.928054
0.901377
0.93649
0.909614
0.858305
0.907041
0.939445
0.927142
0.921762
0.933468
0.913345
0.914235
0.538664
0.926083
0.935508
0.90189
0.92127
0.925528
0.919441
0.900307
0.780443
0.904435
0.910704
0.872558
0.934707
0.933154
0.933207
0.919067
0.90788
0.895015
0.906021
