25.7714
0.994343
17.4069
4.69431
2.99538
0.439944
1.60617
13.2114
6.15657
0.992296
15.3497
17.9679
2.47389
5.17969
11.5466
26.0957
5.61108
3.77031
8.60796
29.0518
18.2237
7.00994
25.6756
11.9216
0.515377
2.81412
0.995913
0.631037
24.8252
4.32628
4.24114
1.12298
1.73296
8.48237
12.7544
6.38284
11.8655
0.558387
4.65786
0.704127
3.16774
15.6615
8.52609
21.2439
9.62998
0.532654
1.18377
18.6169
5.74688
1.18335
19.5412
0.666977
11.5452
9.00466
3.13142
5.76708
0.819462
15.3721
4.51575
27.7316
21.1896
0.645338
3.70004
1.20531
29.0535
19.5132
8.12675
13.0618
9.29035
29.0106
1.32108
14.2746
0.792958
26.0533
22.8392
5.3048
25.3687
21.0403
23.1283
21.9278
0.92456
12.2751
4.68395
15.5562
6.38455
13.0519
5.65819
24.3592
3.8453
1.06385
9.43911
19.0919
7.08958
13.0174
9.6326
12.643
6.76081
0.747137
4.53385
8.17007
