0.898374
0.971368
0.944698
0.962599
0.904731
0.957659
0.912273
0.955711
0.945997
0.976055
0.952055
0.955209
0.973043
0.95889
0.974557
0.981847
0.941838
0.982473
0.523211
0.976049
0.911179
0.956895
0.949839
0.906497
0.982963
0.945408
0.969266
0.976821
0.972005
0.966679
0.931379
0.933308
0.953582
0.983738
0.0658778
0.95119
0.921372
0.965241
0.915687
0.980283
0.946351
0.170844
0.978663
0.941741
0.948211
0.979007
0.973414
0.959772
0.982326
0.95532
0.95739
0.962494
0.950766
0.957487
0.956893
0.936987
0.950374
0.926176
0.969589
0.950162
0.94058
0.951591
0.985588
0.957108
0.960194
0.914547
0.924563
0.945497
0.94637
0.94554
0.979397
0.949688
0.916754
0.972726
0.946129
0.987242
0.954142
0.986275
0.927314
0.972357
0.972922
0.96096
0.960936
0.972721
0.95943
0.973572
0.813348
0.978147
0.960826
0.953452
0.961924
0.970186
0.980591
0.974662
0.973097
0.920531
0.854144
0.957733
0.974669
0.973982
