0.376235
0.036086
0.296239
0.138717
0.103444
0.004804
0.061913
0.255857
0.162627
0.032959
0.277065
0.301761
0.088917
0.147418
0.237314
0.379931
0.154679
0.194136
0.273987
0.411997
0.303611
0.180972
0.376924
0.240519
0.010468
0.096556
0.032896
0.012817
0.434006
0.207607
0.130402
0.042592
0.06685
0.198259
0.266799
0.169861
0.239707
0.012823
0.138253
0.022176
0.10838
0.278323
0.1996
0.329908
0.216663
0.011217
0.044845
0.307467
0.157265
0.045462
0.318444
0.019671
0.237083
0.204109
0.10578
0.156298
0.024539
0.314056
0.21079
0.398256
0.329542
0.018087
0.121243
0.04567
0.411309
0.314701
0.196678
0.254443
0.209438
0.410076
0.050546
0.269284
0.026858
0.384789
0.34536
0.150728
0.37115
0.328268
0.350941
0.329514
0.030514
0.242143
0.137354
0.280896
0.23943
0.318241
0.230612
0.43205
0.121863
0.039272
0.210417
0.310315
0.177747
0.250684
0.210111
0.248265
0.244576
0.056266
0.172257
0.192178
