0.835898
0.954366
0.963192
0.76963
0.941101
0.932543
0.867878
0.936105
0.914067
0.942273
0.812606
0.942576
0.927438
0.926232
0.934771
0.855537
0.833808
0.959329
0.969831
0.954941
0.869001
0.959612
0.966689
0.927901
0.91989
0.9669
0.962063
0.92687
0.761828
0.904876
0.966685
0.949578
0.91532
0.933321
0.911242
0.982468
0.896562
0.627038
0.944594
0.887026
0.94422
0.919839
0.911711
0.980846
0.914999
0.938509
0.928859
0.801294
0.952752
0.946802
0.677643
0.962229
0.932778
0.970303
0.92999
0.773376
0.901008
0.941834
0.964572
0.811639
0.944745
0.924138
0.973478
0.956282
0.935754
0.922479
0.93806
0.795865
0.926676
0.938169
0.944666
0.852456
0.959416
0.869942
0.796057
0.977949
0.986079
0.795234
0.888557
0.950383
0.968946
0.920085
0.943752
0.962483
0.9064
0.902186
0.918659
0.949231
0.903583
0.980341
0.95156
0.850418
0.894501
0.709732
0.826967
0.878395
0.969425
0.868835
0.919376
0.950207
