0.90618
0.90098
0.88869
0.915664
0.914912
0.374494
0.903967
0.889988
0.91837
0.844846
0.912504
0.865522
0.904656
0.889505
0.924158
0.914075
0.900826
0.858395
0.903759
0.89869
0.896369
0.905921
0.920903
0.902061
0.919678
0.911931
0.921283
0.906527
0.897063
0.899399
0.909174
0.919679
0.903647
0.904658
0.896878
0.901079
0.896372
0.900711
0.91079
0.906612
0.905491
0.907984
0.841826
0.923836
0.885348
0.862302
0.888889
0.9195
0.913969
0.920429
0.907968
0.90486
0.916168
0.897178
0.911977
0.924464
0.662183
0.915314
0.444444
0.886397
0.910962
0.910243
0.892171
0.903521
0.886879
0.903172
0.889989
0.89404
0.902251
0.912627
0.916326
0.902587
0.934261
0.901711
0.914122
0.886005
0.832553
0.89991
0.921873
0.912833
0.8995
0.909379
0.878951
0.901403
0.892742
0.866408
0.908194
0.923981
0.903914
0.895461
0.918313
0.907126
0.904004
0.880842
0.902611
0.910825
0.926914
0.669442
0.877013
0.90392
