0.001691
6.2e-05
0.00218
0.000155
0.001379
0.001611
8.8e-05
0.002057
0.00054
0.001976
0.000536
0.000553
0.000493
0.001475
0.000198
0.001243
0.001841
7.5e-05
0.000245
0.001037
0.000242
0.001587
0.001319
0.000165
0.00156
0.000408
0.00258
0.000301
0.00205
0.001961
0.001026
6.4e-05
0.000617
0.000117
0.000242
0.002078
0.0008
0.001915
0.001466
0.000541
0.000396
0.000478
0.000501
0.00019
7.7e-05
0.001219
0.000111
0.001844
0.001476
0.000168
0.000166
0.00097
0.00068
0.001081
0.0011
0.000774
0.001347
0.000378
0.000619
0.000185
0.000968
0.001611
0.00085
0.000245
0.000671
0.001848
0.000296
0.00037
0.000807
0.001935
0.000262
0.001083
8e-05
0.000507
0.000239
0.000646
0.001065
0.000531
0.000773
0.000759
0.000553
5.2e-05
0.000741
0.001444
0.000992
0.001154
0.000926
0.001045
0.000985
6e-05
0.000839
0.000583
0.000644
0.00107
0.001334
0.000924
0.000852
0.000306
0.000288
0.001642
