0.586269
6.44248
2.91414
5.70777
1.30383
5.57308
1.48084
4.88472
1.72826
2.36172
3.74954
3.40732
3.76478
5.15906
4.92898
0.894877
2.86843
2.588
0.502726
2.36316
1.24178
4.25366
3.5439
1.2178
6.37874
2.08298
3.73165
7.02567
4.11497
2.83139
0.892156
2.32997
5.78966
7.53132
0.404624
1.71876
1.63885
1.3724
0.842866
5.87125
2.15291
0.419346
7.22759
2.85317
1.64294
5.11018
5.02487
5.96987
0.963415
3.26137
6.86367
5.73462
4.20252
5.91329
4.58689
2.09231
3.33136
1.72997
6.15338
2.89349
1.32515
2.509
3.2235
6.90877
7.01755
1.42938
1.33238
1.63886
3.07918
2.30662
5.17227
2.55947
1.41978
4.40322
4.29587
1.4001
1.92683
3.25614
1.69486
2.65974
1.4926
4.98655
1.61906
5.04971
4.31601
2.92853
0.702185
4.55395
7.52943
1.73111
2.39542
6.53135
3.40023
1.40705
5.05022
1.54898
0.476505
0.881443
6.47564
2.03527
