0.878756
0.879879
0.888802
0.891423
0.888246
0.374494
0.87524
0.855215
0.890851
0.84479
0.883464
0.864951
0.877167
0.890841
0.883278
0.866279
0.875953
0.857518
0.868022
0.89916
0.880321
0.885718
0.87667
0.85332
0.875202
0.893361
0.878733
0.871685
0.897036
0.87127
0.881994
0.870062
0.863253
0.876916
0.858401
0.901605
0.876416
0.9013
0.864813
0.875189
0.879911
0.875186
0.810996
0.874077
0.884322
0.861953
0.88804
0.88614
0.881217
0.878849
0.881313
0.879037
0.859294
0.897215
0.881885
0.870526
0.662183
0.893859
0.444444
0.886756
0.87995
0.890301
0.890334
0.884552
0.884461
0.882753
0.871892
0.878005
0.887936
0.880192
0.875376
0.873645
0.868893
0.886199
0.871801
0.887056
0.832553
0.879422
0.88394
0.866316
0.883136
0.872198
0.880283
0.884069
0.892747
0.866907
0.873336
0.924119
0.877656
0.865008
0.879485
0.905645
0.889158
0.881036
0.879543
0.87523
0.895295
0.672186
0.875844
0.884167
