0.921854
0.330415
0.197212
0.26952
0.232559
0.003939
0.544021
0.150469
0.219136
0.035541
0.244985
0.112423
0.236282
0.016582
0.12477
0.26228
0.249627
0.062748
0.154526
0.07525
0.478236
0.409184
0.352227
0.096981
0.120185
0.36342
0.122825
0.402907
0.206023
0.215089
0.58627
0.252052
0.610354
0.597942
0.124535
0.125455
0.332992
0.061963
0.271104
0.17454
0.239509
0.459396
0.025696
0.098262
0.218736
0.082743
0.041057
0.475783
0.179938
0.125905
0.628721
0.240243
0.199334
0.352329
0.193561
0.079757
0.009099
0.320154
0.008077
0.317403
0.492706
0.408105
0.080544
0.379505
0.155919
0.307032
0.39134
0.441698
0.665233
0.251331
0.126575
0.551117
0.07068
0.475557
0.59741
0.03367
0.023793
0.324964
0.146734
0.27064
0.6016
0.371063
0.039366
0.431935
0.127516
0.046678
0.407328
0.010358
0.219891
0.533201
0.370127
0.081928
0.527355
0.076718
0.277192
0.401524
0.181837
0.008765
0.074994
0.409851
