0.94478
0.969351
0.571981
0.910141
0.950848
0.955652
0.956954
0.912372
0.961214
0.923857
0.911467
0.963574
0.0064
0.90094
0.625356
0.941859
0.951627
0.954368
0.950375
0.962878
0.958498
0.930557
0.91855
0.959041
0.965712
0.942114
0.953834
0.953451
0.513985
0.93102
0.940903
0.95149
0.948582
0.899286
0.949618
0.822044
0.947409
0.927266
0.96443
0.944609
0.957302
0.923495
0.956978
0.949089
0.957662
0.956246
0.952005
0.946876
0.95475
0.952183
0.955575
0.956349
0.952262
0.963415
0.94813
0.924656
0.916268
0.95574
0.957294
0.949131
0.891529
0.935304
0.951187
0.876411
0.960261
0.934654
0.960028
0.945362
0.971489
0.954078
0.953111
0.953074
0.956912
0.937572
0.961574
0.956313
0.961366
0.94947
0.953724
0.950379
0.943368
0.952973
0.964602
0.955957
0.961445
0.962744
0.955885
0.932727
0.959061
0.948672
0.956141
0.949015
0.955977
0.953039
0.948687
0.954768
0.947187
0.946719
0.954206
0.942308
