1.50651
0.045459
0.990902
0.285101
0.184795
0.004923
0.09037
0.819677
0.441022
0.040463
0.885068
1.02948
0.149687
0.379919
0.677221
1.53901
0.338978
0.230174
0.513551
1.76886
1.03524
0.422946
1.51539
0.698469
0.010981
0.168752
0.040542
0.01389
1.40373
0.280118
0.260103
0.055753
0.100366
0.509967
0.742325
0.465323
0.763637
0.013791
0.284465
0.025309
0.264074
0.891884
0.510695
1.20122
0.582525
0.011925
0.059861
1.05945
0.347733
0.059969
1.12429
0.023599
0.679668
0.605687
0.261816
0.414984
0.029124
0.882313
0.27388
1.66032
1.18926
0.020206
0.22494
0.061258
1.76481
1.09417
0.486582
0.760839
0.552468
1.83237
0.132782
0.839776
0.031888
1.55899
1.29995
0.316377
1.47487
1.18576
1.31891
1.19311
0.036932
0.759032
0.336825
0.890543
0.38338
0.754793
0.338489
1.38671
0.234871
0.05058
0.633915
1.14766
0.422648
0.964937
0.629268
0.735093
0.398198
0.063279
0.344593
0.480244
