0.897408
0.971504
0.941279
0.961926
0.909873
0.990582
0.914202
0.957205
0.947566
0.97638
0.950345
0.952696
0.972864
0.958932
0.974702
0.981873
0.956944
0.982619
0.523211
0.976356
0.933092
0.957466
0.951174
0.905551
0.983232
0.944134
0.969452
0.977344
0.971164
0.966535
0.931452
0.934068
0.987608
0.983956
0.0658778
0.951253
0.921671
0.965637
0.911622
0.980598
0.946307
0.170844
0.979117
0.943051
0.948744
0.979428
0.973368
0.957118
0.982416
0.955597
0.988653
0.963478
0.952821
0.958012
0.954459
0.939837
0.948303
0.926466
0.969133
0.951083
0.939882
0.952442
0.98567
0.990408
0.962233
0.91133
0.920161
0.945622
0.943182
0.944487
0.979821
0.94653
0.91782
0.973027
0.989726
0.987288
0.953357
0.986353
0.923317
0.972578
0.972868
0.961633
0.961971
0.97282
0.957664
0.973347
0.808965
0.978557
0.989848
0.953104
0.96074
0.970579
0.980543
0.974724
0.972967
0.924633
0.850402
0.957616
0.974749
0.974183
