0.897278
0.972527
0.939487
0.960276
0.912915
0.952768
0.917202
0.956683
0.946072
0.976043
0.948363
0.952737
0.972629
0.95813
0.974479
0.981928
0.938847
0.982478
0.523211
0.976508
0.892243
0.960351
0.950412
0.900012
0.983062
0.9438
0.969793
0.976877
0.97142
0.966718
0.929538
0.930246
0.953343
0.983744
0.0658778
0.95062
0.91901
0.965435
0.910478
0.980196
0.946723
0.170844
0.978573
0.948651
0.949169
0.978945
0.974188
0.958711
0.982356
0.954197
0.963059
0.96288
0.952668
0.952633
0.955304
0.935217
0.946466
0.925067
0.968619
0.950557
0.941064
0.950193
0.985602
0.958107
0.962301
0.9142
0.916843
0.94514
0.944994
0.949013
0.979375
0.948996
0.920924
0.972837
0.954403
0.98721
0.95181
0.986272
0.921049
0.97255
0.972692
0.960089
0.961472
0.973289
0.961162
0.973177
0.824933
0.978132
0.963026
0.954708
0.961636
0.970191
0.980433
0.974698
0.972754
0.923521
0.856144
0.958339
0.974485
0.974526
