0.900004
0.974765
0.947112
0.970499
0.918944
0.990577
0.926078
0.966142
0.953566
0.976823
0.95592
0.959759
0.975765
0.965665
0.977221
0.865568
0.953341
0.982773
0.523211
0.976558
0.906128
0.96438
0.955362
0.916438
0.983323
0.951642
0.972642
0.978916
0.974314
0.970657
0.935429
0.943958
0.987611
0.983978
0.0658778
0.954393
0.934204
0.96624
0.911598
0.981358
0.951186
0.170844
0.981036
0.956262
0.951151
0.979579
0.974972
0.966033
0.982385
0.962267
0.988986
0.968752
0.960585
0.965963
0.962503
0.947532
0.9575
0.938544
0.971035
0.959023
0.944972
0.95896
0.985642
0.966607
0.972661
0.922844
0.927621
0.949015
0.953845
0.954498
0.981017
0.954614
0.933422
0.974726
0.989759
0.987304
0.956395
0.986317
0.935125
0.973625
0.97309
0.966733
0.964786
0.974856
0.96625
0.975356
0.816211
0.97971
0.989915
0.956485
0.963836
0.974468
0.981095
0.975533
0.974387
0.929887
0.858422
0.957819
0.977162
0.974827
