0.894967
0.973107
0.945104
0.970479
0.910769
0.964565
0.918804
0.960881
0.94806
0.97613
0.954384
0.954249
0.973934
0.965651
0.974759
0.865563
0.950988
0.982486
0.523211
0.976048
0.901215
0.962068
0.95295
0.903063
0.98302
0.948382
0.970516
0.97748
0.971962
0.968808
0.927843
0.938702
0.963113
0.983807
0.0658778
0.950603
0.927561
0.965249
0.906144
0.980362
0.949574
0.170844
0.979748
0.954173
0.947324
0.979562
0.973683
0.964772
0.822143
0.957591
0.988597
0.96606
0.960567
0.965948
0.962484
0.945017
0.953986
0.929231
0.97101
0.954423
0.936615
0.953403
0.985583
0.9666
0.970368
0.910624
0.924357
0.945721
0.951731
0.947147
0.979559
0.949626
0.920381
0.97375
0.989694
0.917101
0.953099
0.948775
0.92953
0.972351
0.972694
0.964822
0.961445
0.973454
0.964953
0.973226
0.803352
0.978949
0.989838
0.954012
0.961359
0.973743
0.980429
0.974576
0.973289
0.923975
0.853889
0.957453
0.976211
0.974024
