0.012901
0.323763
0.198237
0.31585
0.055463
0.237419
0.105627
0.210243
0.074427
0.101652
0.160882
0.148797
0.159851
0.215225
0.206324
0.031421
0.125539
0.106565
0.003521
0.102644
0.100096
0.254437
0.146471
0.044976
0.259637
0.091662
0.159999
0.28339
0.173823
0.118528
0.031394
0.104412
0.243798
0.301476
0.004435
0.139943
0.080238
0.059516
0.027956
0.245341
0.093525
0.003194
0.292755
0.125248
0.133745
0.280997
0.210161
0.247741
0.023361
0.139223
0.28813
0.239624
0.179815
0.249264
0.194559
0.091441
0.147206
0.076259
0.259515
0.126965
0.05512
0.10945
0.210034
0.28096
0.288401
0.061606
0.057664
0.070034
0.132893
0.10182
0.283457
0.184998
0.063734
0.18447
0.184676
0.058404
0.086594
0.177591
0.138828
0.125448
0.060622
0.209658
0.067333
0.210993
0.184941
0.125297
0.020515
0.186668
0.312721
0.072795
0.104146
0.253029
0.139921
0.06027
0.212156
0.067628
0.007942
0.031492
0.268612
0.086837
