0.012475
0.148947
0.087069
0.137321
0.045739
0.138048
0.051304
0.124402
0.057215
0.129008
0.17986
0.104297
0.104317
0.128435
0.129119
0.0717
0.152982
0.145847
0.004468
0.084415
0.043409
0.119236
0.171238
0.042422
0.150099
0.067188
0.104305
0.159285
0.182701
0.15114
0.03369
0.076787
0.141224
0.16482
0.002108
0.061424
0.055252
0.050024
0.025438
0.144361
0.06887
0.00336
0.210585
0.085963
0.055523
0.12919
0.127265
0.140289
0.022163
0.096798
0.156573
0.138509
0.11575
0.141891
0.121647
0.12859
0.170229
0.061929
0.150141
0.090677
0.045124
0.081109
0.093904
0.21844
0.236117
0.050447
0.046654
0.055562
0.089175
0.076124
0.135392
0.084206
0.049516
0.116258
0.193771
0.051602
0.066968
0.093009
0.056746
0.082099
0.051363
0.125977
0.055593
0.126494
0.188839
0.1549
0.023319
0.1211
0.16996
0.059174
0.07801
0.148427
0.1653
0.051187
0.128141
0.054008
0.008112
0.027877
0.152477
0.06833
