0.012628
0.286951
0.211331
0.324905
0.059752
0.252144
0.068093
0.215416
0.078674
0.109765
0.172212
0.157379
0.175093
0.229344
0.226079
0.033684
0.13527
0.121596
0.011225
0.185706
0.055642
0.194081
0.154297
0.048208
0.28438
0.166305
0.172342
0.309343
0.189931
0.127066
0.033315
0.109615
0.258663
0.330063
0.002108
0.078316
0.075029
0.062052
0.029363
0.265112
0.168341
0.010024
0.386289
0.135032
0.074126
0.231625
0.235351
0.259054
0.02466
0.147157
0.305436
0.256444
0.190605
0.337253
0.278304
0.097481
0.157082
0.081453
0.280245
0.134223
0.058744
0.115589
0.153565
0.296223
0.306185
0.066081
0.06186
0.074673
0.142865
0.108345
0.237523
0.120287
0.065959
0.202032
0.199172
0.065931
0.088456
0.152255
0.078679
0.125404
0.065368
0.220307
0.135304
0.305654
0.194678
0.137328
0.021519
0.207705
0.335233
0.076686
0.110521
0.276384
0.15703
0.066007
0.230667
0.072129
0.008186
0.032968
0.292778
0.163098
