5.7e-05
0.000455
0.000247
0.000455
0.000128
0.000427
0.000138
0.000385
0.000319
0.000211
0.00032
0.000298
0.000315
0.000422
0.000414
9.7e-05
0.000254
0.000237
3.8e-05
0.000219
0.000128
0.000365
0.000292
0.000115
0.000497
0.0002
0.000315
0.000816
0.000507
0.000701
0.000128
0.000307
0.000623
0.000769
0.000102
0.000406
0.000354
0.000327
0.000171
0.000976
0.000277
7.8e-05
0.001151
0.000351
0.000303
0.000793
0.000793
0.001345
0.000233
0.000814
0.000853
0.00079
0.000621
0.00072
0.000588
0.00031
0.000459
0.000293
0.000693
0.000731
0.000216
0.000359
0.000823
0.000738
0.000774
0.000212
0.000203
0.00022
0.000386
0.000298
0.000564
0.000318
0.000202
0.000507
0.000505
0.000241
0.0003
0.000428
0.000273
0.000375
0.000216
0.000622
0.000244
0.000586
0.000537
0.00041
9.6e-05
0.00052
0.000752
0.000223
0.000326
0.000599
0.000368
0.000205
0.00056
0.000211
8e-05
0.000124
0.000636
0.000259
