0.000134
0.001164
0.000402
0.000956
0.000278
0.00097
0.000223
0.000719
0.000317
0.000392
0.000601
0.000549
0.000488
0.000686
0.000629
0.000169
0.000462
0.000408
6.4e-05
0.000362
0.000216
0.000608
0.000478
0.000193
0.000683
0.000351
0.000577
0.000718
0.000491
0.000342
0.00012
0.000303
0.000638
0.000768
4.7e-05
0.000227
0.000207
0.000246
9.9e-05
0.0006
0.0006
5.8e-05
0.000844
0.00076
0.000452
0.001218
0.001103
0.00126
0.000178
0.000679
0.000889
0.001335
0.001044
0.001356
0.000748
0.000385
0.000565
0.000313
0.000903
0.000464
0.000384
0.000459
0.000472
0.000853
0.000884
0.000301
0.000335
0.000281
0.000585
0.000412
0.000829
0.000487
0.000276
0.001106
0.000622
0.000234
0.000301
0.000447
0.000272
0.000373
0.000218
0.00062
0.000243
0.000629
0.00055
0.00046
0.000122
0.000668
0.001012
0.000265
0.000422
0.000783
0.000485
0.000227
0.000607
0.000237
7.8e-05
0.000122
0.000751
0.000289
