0.028176
0.330854
0.128494
0.241086
0.056366
0.240069
0.127961
0.280011
0.075773
0.1032
0.162817
0.150551
0.162019
0.217269
0.209348
0.031924
0.127163
0.163295
0.003835
0.105124
0.051837
0.184329
0.148538
0.097523
0.333407
0.092281
0.162047
0.295444
0.175761
0.12003
0.031925
0.103267
0.245731
0.311365
0.002106
0.075275
0.070455
0.060456
0.028437
0.239673
0.094117
0.003224
0.296017
0.12989
0.071144
0.210558
0.211216
0.246468
0.057458
0.207132
0.290831
0.241934
0.183371
0.324186
0.268901
0.161618
0.154771
0.077352
0.263979
0.128548
0.056248
0.110812
0.209758
0.354315
0.290934
0.062474
0.058629
0.071308
0.13405
0.103383
0.291752
0.171397
0.063622
0.186312
0.1877
0.059546
0.085818
0.135675
0.074294
0.1155
0.061556
0.213861
0.068227
0.212905
0.259912
0.201291
0.021406
0.188693
0.312951
0.073351
0.10543
0.260946
0.142372
0.060867
0.213025
0.068781
0.008058
0.031584
0.272907
0.088376
