0.000106
0.000824
0.000482
0.000757
0.000219
0.000795
0.000246
0.000681
0.000288
0.000357
0.000485
0.000466
0.000489
0.000649
0.000647
0.000151
0.000401
0.000361
6.4e-05
0.000334
0.000182
0.000521
0.000421
0.000165
0.000671
0.000276
0.000434
0.000732
0.001057
0.00071
0.000272
0.000521
0.001065
0.00133
8.1e-05
0.000286
0.000208
0.000405
0.000264
0.00136
0.000529
5.8e-05
0.00142
0.000608
0.000378
0.000981
0.000879
0.001038
0.000159
0.000581
0.000813
0.000714
0.000571
0.000723
0.000739
0.000576
0.00045
0.000328
0.000922
0.000461
0.000233
0.000394
0.000494
0.00087
0.000881
0.000215
0.000218
0.000268
0.000428
0.00034
0.000666
0.000364
0.000234
0.000551
0.000549
0.000219
0.000277
0.000433
0.000248
0.000325
0.000193
0.000574
0.000215
0.000605
0.000505
0.000353
9.3e-05
0.000487
0.000732
0.000223
0.000291
0.000611
0.000385
0.000185
0.000579
0.000197
5.6e-05
0.000108
0.000643
0.000241
