0.913199
0.728209
0.884784
0.893104
0.924222
0.920015
0.750908
0.896978
0.872074
0.916546
0.907015
0.909298
0.912204
0.895581
0.8659
0.923809
0.881815
0.666996
0.90482
0.905836
0.901873
0.900521
0.912511
0.720396
0.870985
0.897492
0.929529
0.883843
0.924101
0.91373
0.915107
0.896896
0.903045
0.809926
0.891655
0.910972
0.884428
0.896916
0.899619
0.882061
0.898891
0.898436
0.920797
0.918334
0.778023
0.884251
0.881699
0.933429
0.920868
0.86384
0.877234
0.895286
0.888293
0.87859
0.907892
0.903258
0.917247
0.890157
0.910811
0.86362
0.86373
0.915445
0.89374
0.911333
0.911328
0.92365
0.918726
0.920817
0.887848
0.91499
0.873737
0.918766
0.906819
0.844728
0.878229
0.912104
0.916912
0.906188
0.919864
0.898032
0.898808
0.544971
0.912849
0.919601
0.890053
0.911526
0.913562
0.900391
0.899981
0.771998
0.892315
0.909799
0.858086
0.926301
0.916413
0.922931
0.90873
0.906844
0.895087
0.892162
