0.952591
0.012661
0.845026
0.102368
0.640398
0.648304
0.015444
0.875704
0.202086
0.891265
0.25177
0.266403
0.211534
0.626565
0.076977
0.624979
0.913261
0.01208
0.092825
0.459131
0.095785
0.800414
0.599574
0.01383
0.411471
0.097163
0.722283
0.133617
0.643055
0.985116
0.438966
0.006437
0.286973
0.036051
0.097107
0.95007
0.18769
0.897189
0.678482
0.236658
0.168113
0.20719
0.214818
0.068674
0.01598
0.529337
0.075915
0.841369
0.625768
0.038649
0.054043
0.324253
0.30772
0.374076
0.4957
0.326331
0.636381
0.131768
0.273687
0.069984
0.42461
0.741128
0.364841
0.093128
0.297667
0.851846
0.120586
0.149365
0.35379
0.88016
0.105099
0.498809
0.017385
0.238708
0.09982
0.310069
0.583252
0.32024
0.352455
0.327342
0.251601
0.006625
0.351484
0.712487
0.479109
0.589294
0.443216
0.533965
0.494802
0.010702
0.399672
0.287261
0.386105
0.64685
0.696962
0.488108
0.428225
0.144067
0.133637
0.889789
