0.958963
0.742359
0.928627
0.957141
0.976439
0.961632
0.752347
0.935218
0.897207
0.976858
0.972809
0.959195
0.969321
0.931917
0.947294
0.982722
0.91834
0.670233
0.951246
0.959631
0.936559
0.953083
0.97027
0.720396
0.906666
0.935705
0.986155
0.925105
0.985847
0.965491
0.963551
0.896896
0.947628
0.818873
0.929296
0.962105
0.942954
0.936467
0.950507
0.919915
0.969754
0.939295
0.965272
0.96489
0.797074
0.929163
0.903571
0.970604
0.976792
0.882215
0.938779
0.925161
0.932567
0.929558
0.973962
0.961449
0.979879
0.942132
0.97727
0.906834
0.898502
0.973422
0.933699
0.950836
0.973058
0.981156
0.960856
0.955238
0.951281
0.962293
0.908095
0.979576
0.912881
0.864643
0.916987
0.973971
0.972375
0.944939
0.978414
0.922313
0.954016
0.544971
0.954561
0.980783
0.928785
0.962355
0.95411
0.960498
0.945319
0.787406
0.94212
0.955262
0.889799
0.985971
0.976732
0.979282
0.968244
0.956902
0.928454
0.931578
