0.001224
0.000689
0.000292
0.000589
0.000571
4.6e-05
0.000962
0.000348
0.000448
0.000114
0.000422
0.000152
0.00043
8.2e-05
0.00029
0.000535
0.000513
0.000173
0.00031
0.000186
0.000831
0.00062
0.000564
0.000212
0.000272
0.000664
0.000674
0.001453
0.000812
0.000399
0.001918
0.000952
0.001949
0.001678
0.000466
0.000483
0.001041
0.000256
0.0008
0.000542
0.000685
0.001155
0.000227
0.000278
0.000377
0.00014
0.000109
0.000956
0.000432
0.000321
0.001298
0.000728
0.000546
0.000978
0.000504
0.00025
7.5e-05
0.000855
5.4e-05
0.000575
0.001002
0.000863
0.000216
0.000825
0.000385
0.00071
0.000778
0.000877
0.001251
0.00045
0.000349
0.001101
0.000212
0.000985
0.001115
0.000113
9.6e-05
0.000692
0.000346
0.000581
0.000823
0.000741
0.000133
0.000851
0.000288
0.000134
0.000773
5.8e-05
0.000476
0.000968
0.000705
0.000203
0.000943
0.000193
0.000584
0.001847
0.000899
0.00013
0.000247
0.000863
