0.674768
0.715176
0.703843
0.694757
0.711117
0.702335
0.718883
0.712147
0.725552
0.71213
0.699589
0.69958
0.718032
0.688013
0.673296
0.708939
0.692594
0.711466
0.692599
0.689988
0.704592
0.714556
0.677511
0.706892
0.715216
0.722097
0.705104
0.772597
0.667271
0.686445
0.688344
0.700245
0.690258
0.566571
0.707488
0.710352
0.717257
0.692619
0.70503
0.68744
0.70154
0.686738
0.685949
0.657566
0.701673
0.69966
0.709019
0.665242
0.709251
0.717713
0.709191
0.714895
0.656271
0.708239
0.708284
0.66329
0.702044
0.717475
0.71073
0.717632
0.70474
0.705758
0.701687
0.696775
0.721259
0.68449
0.707296
0.724807
0.707967
0.684734
0.723144
0.575125
0.69956
0.705637
0.709093
0.690775
0.704011
0.695988
0.664419
0.678637
0.715344
0.692258
0.673645
0.706356
0.694201
0.711455
0.719612
0.704586
0.703185
0.678937
0.704586
0.687477
0.720188
0.704729
0.69498
0.695453
0.713306
0.674948
0.654627
0.710377
